1755074334651,-0.075504,0.059146,9.840964
1755074334653,-0.078645,0.064672,9.823515
1755074334654,-0.073579,0.071998,9.827086
1755074334655,-0.058198,0.06767,9.820613
1755074334656,-0.07039,0.064155,9.805157
1755074334656,-0.086249,0.073875,9.799898
1755074334657,-0.077055,0.065994,9.796509
1755074334658,-0.068474,0.064988,9.800472
1755074334659,-0.066157,0.06924,9.787286
1755074334660,-0.071922,0.067181,9.801211
1755074334661,-0.073224,0.062728,9.80529
1755074334662,-0.063073,0.074527,9.815222
1755074334663,-0.058342,0.064232,9.823016
1755074334663,-0.054674,0.067181,9.814828
1755074334664,-0.054195,0.054243,9.810049
1755074334665,-0.049455,0.061876,9.797447
1755074334666,-0.07197,0.064643,9.796393
1755074334666,-0.066616,0.065917,9.800368
1755074334668,-0.066932,0.069662,9.795848
1755074334669,-0.064892,0.072267,9.815786
1755074334670,-0.047166,0.072573,9.825401
1755074334670,-0.056838,0.070581,9.818966
1755074334671,-0.060047,0.067469,9.828927
1755074334671,-0.066406,0.067507,9.830517
1755074334672,-0.073722,0.079497,9.820689
1755074334673,-0.073397,0.068589,9.82272
1755074334673,-0.080273,0.068426,9.813938
1755074334674,-0.053017,0.071424,9.809982
1755074334675,-0.059089,0.060995,9.805261
1755074334675,-0.066549,0.066109,9.81958
1755074334676,-0.063676,0.077601,9.819157
1755074334676,-0.073263,0.072267,9.82972
1755074334677,-0.066951,0.063561,9.81683
1755074334678,-0.070322,0.068589,9.834211
1755074334678,-0.062402,0.073856,9.83109
1755074334679,-0.074967,0.065793,9.821916
1755074334679,-0.082504,0.060008,9.815154
1755074334680,-0.071941,0.053726,9.816275
1755074334680,-0.072956,0.054933,9.818372
1755074334681,-0.068024,0.069173,9.81959
1755074334682,-0.074048,0.066434,9.836644
1755074334682,-0.075255,0.051629,9.834222
1755074334683,-0.073569,0.057815,9.824845
1755074334683,-0.078932,0.0593,9.82928
1755074334684,-0.085617,0.056915,9.814168
1755074334685,-0.075006,0.061512,9.811783
1755074334685,-0.073435,0.070121,9.817223
1755074334685,-0.078587,0.068924,9.82251
1755074334686,-0.084515,0.062508,9.819435
1755074334686,-0.08372,0.066358,9.817443
1755074334687,-0.076078,0.070744,9.809887
1755074334687,-0.08623,0.073081,9.796575
1755074334687,-0.095002,0.066185,9.81094
1755074334688,-0.079363,0.065381,9.803805
1755074334688,-0.060851,0.070964,9.801393
1755074334688,-0.068503,0.064845,9.80691
1755074334689,-0.069508,0.058514,9.800903
1755074334689,-0.060822,0.056369,9.806355
1755074334689,-0.079459,0.059156,9.800416
1755074334690,-0.084965,0.071424,9.816926
1755074334690,-0.08101,0.074479,9.808414
1755074334690,-0.091736,0.065132,9.825028
1755074334693,-0.077524,0.053793,9.818267
1755074334694,-0.067947,0.064672,9.812022
1755074334696,-0.073943,0.087159,9.826484
1755074334698,-0.069882,0.083471,9.824655
1755074334700,-0.067593,0.083194,9.820575
1755074334702,-0.058045,0.079775,9.839852
1755074334706,-0.058639,0.086459,9.833849
1755074334707,-0.068206,0.091219,9.813219
1755074334708,-0.070945,0.074086,9.820422
1755074334710,-0.067708,0.067009,9.832412
1755074334712,-0.069901,0.065132,9.832076
1755074334714,-0.063954,0.076873,9.8499
1755074334716,-0.0491,0.072046,9.856746
1755074334718,-0.064481,0.080244,9.838368
1755074334720,-0.071931,0.074029,9.832881
1755074334722,-0.073981,0.076059,9.823361
1755074334724,-0.071089,0.069365,9.826503
1755074334726,-0.053285,0.073847,9.83856
1755074334728,-0.058945,0.070303,9.841299
1755074334730,-0.069106,0.070466,9.836261
1755074334732,-0.069489,0.080771,9.820163
1755074334734,-0.070322,0.079162,9.822662
1755074334736,-0.068953,0.072468,9.830008
1755074334739,-0.060066,0.060171,9.827077
1755074334740,-0.052739,0.069279,9.847342
1755074334742,-0.053735,0.063925,9.829223
1755074334744,-0.07603,0.07016,9.811199
1755074334746,-0.093154,0.069087,9.822136
1755074334748,-0.093058,0.074613,9.822835
1755074334750,-0.084659,0.07876,9.810519
1755074334752,-0.074038,0.071836,9.813967
1755074334755,-0.09504,0.074105,9.807023
1755074334756,-0.070801,0.082495,9.813325
1755074334758,-0.0568,0.071759,9.809389
1755074334760,-0.058141,0.062106,9.804658
1755074334762,-0.059759,0.06313,9.821675
1755074334764,-0.057528,0.067526,9.818037
1755074334766,-0.063485,0.056848,9.80983
1755074334768,-0.059606,0.06087,9.81006
1755074334770,-0.055555,0.063015,9.81731
1755074334772,-0.066271,0.057576,9.80912
1755074334774,-0.070629,0.063245,9.827394
1755074334776,-0.074833,0.069786,9.834797
1755074334778,-0.080436,0.076308,9.836569
1755074334780,-0.078635,0.074441,9.856305
1755074334782,-0.079736,0.071587,9.843396
1755074334784,-0.080493,0.060573,9.841663
1755074334786,-0.079861,0.067871,9.837727
1755074334789,-0.045547,0.067938,9.840418
1755074334790,-0.060305,0.056896,9.829117
1755074334792,-0.070303,0.05681,9.815202
1755074334794,-0.077582,0.053927,9.825068
1755074334796,-0.066444,0.073665,9.814359
1755074334798,-0.064902,0.053372,9.817596
1755074334800,-0.068675,0.045557,9.825641
1755074334802,-0.085569,0.047195,9.823208
1755074334804,-0.090214,0.056474,9.824511
1755074334807,-0.076567,0.052778,9.829768
1755074334808,-0.100815,0.059922,9.82883
1755074334810,-0.103353,0.066884,9.824645
1755074334812,-0.0749,0.067689,9.814704
1755074334814,-0.067172,0.06269,9.813229
1755074334816,-0.077783,0.062862,9.812503
1755074334818,-0.074757,0.051198,9.823323
1755074334820,-0.066961,0.051169,9.805922
1755074334823,-0.06652,0.065362,9.804007
1755074334824,-0.070524,0.073349,9.800779
1755074334826,-0.076998,0.066386,9.801832
1755074334828,-0.06812,0.067919,9.794278
1755074334830,-0.070552,0.069288,9.799046
1755074334832,-0.07038,0.06721,9.793223
1755074334834,-0.056695,0.071596,9.803556
1755074334836,-0.070495,0.063121,9.799764
1755074334838,-0.062929,0.069039,9.797648
1755074334841,-0.06517,0.076567,9.800291
1755074334842,-0.082916,0.068072,9.794248
1755074334844,-0.069183,0.04911,9.801832
1755074334846,-0.07264,0.062738,9.812434
1755074334848,-0.075025,0.082169,9.824807
1755074334850,-0.082284,0.066549,9.81796
1755074334852,-0.077812,0.060324,9.823285
1755074334854,-0.077093,0.065946,9.823783
1755074334856,-0.065141,0.05679,9.839173
1755074334858,-0.06291,0.052337,9.82927
1755074334860,-0.055727,0.063121,9.828313
1755074334862,-0.083711,0.07649,9.834355
1755074334864,-0.071663,0.072439,9.838215
1755074334866,-0.066233,0.080723,9.831061
1755074334868,-0.062249,0.08395,9.837909
1755074334870,-0.066511,0.08555,9.832346
1755074334872,-0.063906,0.077132,9.83878
1755074334874,-0.081633,0.061914,9.827354
1755074334876,-0.077256,0.056781,9.840639
1755074334878,-0.071271,0.055335,9.843904
1755074334880,-0.061062,0.070552,9.823984
1755074334882,-0.056398,0.055028,9.834614
1755074334884,-0.066377,0.054731,9.81933
1755074334886,-0.070313,0.051849,9.824933
1755074334889,-0.066137,0.057681,9.814034
1755074334891,-0.066597,0.05749,9.823889
1755074334893,-0.073454,0.05613,9.838858
1755074334894,-0.075073,0.062029,9.827347
1755074334896,-0.062115,0.070284,9.82452
1755074334898,-0.055967,0.073215,9.824819
1755074334900,-0.050173,0.066434,9.830008
1755074334902,-0.055124,0.062402,9.83043
1755074334904,-0.066252,0.071606,9.81139
1755074334906,-0.059587,0.07333,9.826311
1755074334908,-0.071462,0.059798,9.835457
1755074334911,-0.080589,0.062019,9.814811
1755074334912,-0.073895,0.06653,9.829577
1755074334914,-0.079736,0.070428,9.836081
1755074334917,-0.077496,0.069901,9.842516
1755074334918,-0.075982,0.056407,9.836185
1755074334920,-0.072238,0.063379,9.832028
1755074334922,-0.083558,0.080369,9.817337
1755074334924,-0.076978,0.079296,9.787563
1755074334927,-0.074153,0.07762,9.782228
1755074334928,-0.082303,0.067718,9.793608
1755074334930,-0.097262,0.061598,9.804409
1755074334932,-0.098919,0.054463,9.808354
1755074334934,-0.084611,0.061004,9.838943
1755074334936,-0.08012,0.07333,9.843109
1755074334938,-0.069202,0.080148,9.823898
1755074334940,-0.068177,0.080886,9.817472
1755074334942,-0.066262,0.070322,9.825632
1755074334944,-0.055038,0.067785,9.81955
1755074334946,-0.062546,0.053956,9.820681
1755074334948,-0.057193,0.046917,9.826512
1755074334950,-0.055632,0.05748,9.828927
1755074334952,-0.068139,0.059606,9.815479
1755074334954,-0.071673,0.066923,9.825813
1755074334956,-0.081384,0.066224,9.837191
1755074334958,-0.086507,0.066339,9.827558
1755074334960,-0.084898,0.062594,9.823361
1755074334962,-0.07129,0.057461,9.820374
1755074334964,-0.070045,0.066291,9.828352
1755074334966,-0.059596,0.062881,9.810155
1755074334968,-0.064959,0.068493,9.819484
1755074334970,-0.080503,0.060573,9.842525
1755074334972,-0.072659,0.068761,9.836664
1755074334974,-0.055047,0.055957,9.820057
1755074334977,-0.057451,0.072075,9.837996
1755074334978,-0.063839,0.084946,9.820422
1755074334980,-0.067651,0.071184,9.821082
1755074334982,-0.06857,0.06675,9.816734
1755074334984,-0.068091,0.061416,9.809695
1755074334986,-0.076911,0.05794,9.811027
1755074334988,-0.078061,0.063111,9.819886
1755074334990,-0.080033,0.077237,9.809542
1755074334992,-0.0731,0.080158,9.823074
1755074334995,-0.072851,0.076921,9.828993
1755074334996,-0.067967,0.072899,9.832929
1755074334998,-0.061167,0.072468,9.825708
1755074335000,-0.055287,0.067641,9.825431
1755074335002,-0.054952,0.048583,9.827797
1755074335004,-0.080752,0.060908,9.818593
1755074335006,-0.077093,0.057528,9.827107
1755074335009,-0.068101,0.060525,9.816408
1755074335011,-0.065486,0.066214,9.818256
1755074335012,-0.060458,0.067277,9.828753
1755074335015,-0.058007,0.076902,9.841175
1755074335016,-0.064414,0.070552,9.83267
1755074335018,-0.08033,0.060554,9.848443
1755074335020,-0.087724,0.064232,9.831321
1755074335022,-0.072544,0.055009,9.82499
1755074335024,-0.075532,0.057288,9.828303
1755074335026,-0.084688,0.070093,9.831358
1755074335029,-0.071424,0.061914,9.823793
1755074335030,-0.062891,0.070399,9.808527
1755074335032,-0.068943,0.062853,9.81638
1755074335034,-0.055354,0.072879,9.815738
1755074335036,-0.069461,0.071864,9.822662
1755074335038,-0.067928,0.074871,9.833551
1755074335040,-0.073512,0.068934,9.840563
1755074335042,-0.065477,0.074402,9.831932
1755074335045,-0.082916,0.078779,9.818143
1755074335046,-0.078367,0.069192,9.804734
1755074335048,-0.071539,0.086335,9.801172
1755074335050,-0.073215,0.072429,9.811697
1755074335052,-0.094226,0.075178,9.825632
1755074335054,-0.107519,0.081403,9.824913
1755074335056,-0.092751,0.064615,9.811612
1755074335058,-0.080838,0.075887,9.816341
1755074335060,-0.079957,0.074077,9.812396
1755074335062,-0.074632,0.061723,9.822749
1755074335064,-0.084803,0.071002,9.82
1755074335066,-0.079095,0.078204,9.832967
1755074335068,-0.079612,0.074172,9.823419
1755074335070,-0.087637,0.064778,9.817041
1755074335072,-0.089409,0.051245,9.825881
1755074335074,-0.085425,0.062125,9.841146
1755074335076,-0.0722,0.060679,9.844795
1755074335079,-0.080867,0.055469,9.857598
1755074335080,-0.078539,0.050872,9.847552
1755074335082,-0.084573,0.063379,9.820863
1755074335084,-0.060257,0.073464,9.812109
1755074335086,-0.082064,0.076155,9.814368
1755074335088,-0.073962,0.083577,9.809314
1755074335090,-0.064663,0.082112,9.812454
1755074335092,-0.074527,0.07831,9.815911
1755074335094,-0.062096,0.064538,9.82137
1755074335097,-0.067114,0.057643,9.825171
1755074335098,-0.065936,0.07016,9.838828
1755074335100,-0.065525,0.078453,9.821006
1755074335102,-0.064596,0.084994,9.811439
1755074335104,-0.067153,0.076729,9.821255
1755074335106,-0.073464,0.074661,9.822404
1755074335108,-0.071443,0.075686,9.825258
1755074335110,-0.083548,0.067947,9.829749
1755074335113,-0.101868,0.076701,9.808145
1755074335114,-0.089476,0.083864,9.803231
1755074335116,-0.099493,0.087781,9.801277
1755074335118,-0.083558,0.08056,9.812079
1755074335120,-0.085061,0.076863,9.815423
1755074335122,-0.095002,0.082083,9.816427
1755074335124,-0.078348,0.081288,9.819081
1755074335126,-0.074508,0.060305,9.819559
1755074335130,-0.068187,0.064385,9.821054
1755074335133,-0.046869,0.083874,9.824032
1755074335134,-0.04776,0.087494,9.828743
1755074335134,-0.061167,0.072305,9.816314
1755074335136,-0.072382,0.0663,9.799909
1755074335138,-0.087465,0.065869,9.80846
1755074335140,-0.094351,0.081096,9.818247
1755074335142,-0.087532,0.073052,9.819694
1755074335144,-0.099474,0.07898,9.822375
1755074335147,-0.085693,0.065228,9.824596
1755074335148,-0.083606,0.05997,9.813612
1755074335151,-0.081087,0.062125,9.811603
1755074335152,-0.076461,0.056896,9.811975
1755074335154,-0.073904,0.061895,9.822979
1755074335156,-0.075216,0.065457,9.824845
1755074335158,-0.064538,0.068417,9.800406
1755074335160,-0.062738,0.08237,9.809964
1755074335162,-0.075101,0.0808,9.795387
1755074335164,-0.068886,0.077476,9.805922
1755074335166,-0.083807,0.071213,9.823898
1755074335168,-0.087522,0.077582,9.832967
1755074335170,-0.076432,0.073157,9.85172
1755074335172,-0.068062,0.062757,9.83945
1755074335174,-0.06358,0.074737,9.817874
1755074335176,-0.070265,0.089869,9.82497
1755074335178,-0.074316,0.079622,9.835054
1755074335181,-0.074287,0.071836,9.847812
1755074335182,-0.072496,0.052241,9.836905
1755074335184,-0.079152,0.057949,9.832574
1755074335187,-0.075073,0.059922,9.820565
1755074335188,-0.084104,0.058668,9.814168
1755074335190,-0.077275,0.060094,9.837171
1755074335193,-0.085894,0.069288,9.82499
1755074335194,-0.066415,0.057327,9.820881
1755074335196,-0.060487,0.061157,9.817751
1755074335198,-0.061579,0.068838,9.820249
1755074335200,-0.067679,0.076021,9.822701
1755074335202,-0.084381,0.06971,9.808709
1755074335204,-0.084276,0.090319,9.802915
1755074335206,-0.08734,0.088911,9.821695
1755074335208,-0.087771,0.096984,9.830822
1755074335210,-0.091707,0.091736,9.831147
1755074335212,-0.079411,0.083481,9.817826
1755074335215,-0.081604,0.091028,9.802437
1755074335216,-0.080397,0.081958,9.816657
1755074335218,-0.076902,0.069911,9.821935
1755074335220,-0.058524,0.062728,9.821829
1755074335222,-0.067976,0.067143,9.815758
1755074335224,-0.070351,0.075609,9.814532
1755074335226,-0.053046,0.081642,9.81934
1755074335228,-0.051734,0.078855,9.832346
1755074335230,-0.058438,0.069145,9.835457
1755074335232,-0.047673,0.067469,9.839288
1755074335234,-0.058572,0.080397,9.832106
1755074335236,-0.075417,0.069355,9.808623
1755074335238,-0.074871,0.060794,9.799967
1755074335240,-0.075197,0.06041,9.79963
1755074335243,-0.07582,0.059127,9.795369
1755074335244,-0.072784,0.059261,9.802225
1755074335246,-0.080838,0.059089,9.816197
1755074335249,-0.084477,0.056934,9.801727
1755074335250,-0.080656,0.059616,9.803041
1755074335252,-0.084324,0.069365,9.817856
1755074335254,-0.091506,0.076586,9.808988
1755074335256,-0.071788,0.075398,9.807005
1755074335258,-0.060449,0.068848,9.819914
1755074335260,-0.055411,0.076461,9.816294
1755074335262,-0.063035,0.081278,9.800522
1755074335264,-0.053276,0.056714,9.81117
1755074335266,-0.043268,0.064596,9.818305
1755074335268,-0.061952,0.065553,9.822883
1755074335270,-0.060286,0.065457,9.809465
1755074335272,-0.062795,0.055526,9.811582
1755074335274,-0.077467,0.072717,9.830946
1755074335276,-0.074642,0.080493,9.832135
1755074335279,-0.075705,0.090932,9.833302
1755074335280,-0.076998,0.082724,9.821074
1755074335288,-0.074067,0.087168,9.828264
1755074335289,-0.072554,0.075111,9.811603
1755074335290,-0.072774,0.073387,9.806584
1755074335290,-0.059319,0.079181,9.824051
1755074335291,-0.071012,0.082935,9.833198
1755074335292,-0.069537,0.082667,9.825392
1755074335294,-0.072449,0.069355,9.817519
1755074335296,-0.071663,0.070495,9.824913
1755074335298,-0.071127,0.071692,9.825305
1755074335301,-0.07106,0.060956,9.818545
1755074335302,-0.07898,0.066626,9.810892
1755074335304,-0.073665,0.066243,9.814724
1755074335306,-0.074891,0.062106,9.836099
1755074335308,-0.079813,0.073196,9.836675
1755074335310,-0.079832,0.061292,9.823592
1755074335313,-0.081269,0.076088,9.816341
1755074335314,-0.069805,0.075389,9.824961
1755074335316,-0.081116,0.079162,9.81682
1755074335318,-0.082542,0.067057,9.80755
1755074335320,-0.081585,0.061368,9.812425
1755074335322,-0.090683,0.063916,9.811726
1755074335324,-0.092569,0.079191,9.828102
1755074335326,-0.088202,0.077764,9.823457
1755074335328,-0.078281,0.074211,9.830372
1755074335330,-0.059443,0.066597,9.820556
1755074335332,-0.061512,0.059692,9.82089
1755074335334,-0.069212,0.074517,9.802666
1755074335336,-0.070322,0.076289,9.808029
1755074335338,-0.072343,0.070782,9.802399
1755074335340,-0.096419,0.074479,9.80348
1755074335342,-0.092215,0.074699,9.800242
1755074335344,-0.097473,0.075475,9.821475
1755074335346,-0.078329,0.079698,9.822615
1755074335348,-0.070562,0.083462,9.832661
1755074335350,-0.096247,0.079018,9.828944
1755074335352,-0.094523,0.082724,9.826091
1755074335354,-0.0869,0.066712,9.825535
1755074335356,-0.077792,0.070524,9.814129
1755074335358,-0.076078,0.061981,9.807511
1755074335360,-0.07401,0.070351,9.823333
1755074335362,-0.068053,0.074747,9.826302
1755074335364,-0.070888,0.086823,9.818947
1755074335366,-0.052921,0.088806,9.821982
1755074335368,-0.059549,0.095308,9.815145
1755074335370,-0.052213,0.076681,9.807837
1755074335372,-0.051858,0.074527,9.811917
1755074335374,-0.072391,0.061196,9.821063
1755074335376,-0.082112,0.06042,9.824022
1755074335378,-0.07942,0.073531,9.842813
1755074335380,-0.079487,0.070342,9.837736
1755074335382,-0.083663,0.056953,9.823668
1755074335384,-0.090587,0.061703,9.835228
1755074335386,-0.091123,0.056963,9.826694
1755074335388,-0.074077,0.060889,9.834652
1755074335390,-0.07378,0.06609,9.830037
1755074335392,-0.065285,0.069145,9.830333
1755074335394,-0.055957,0.065697,9.838494
1755074335396,-0.068187,0.066099,9.830812
1755074335398,-0.078099,0.063485,9.809494
1755074335400,-0.066568,0.070792,9.797073
1755074335403,-0.05454,0.065735,9.804361
1755074335404,-0.084803,0.063896,9.814417
1755074335406,-0.08623,0.065113,9.815403
1755074335408,-0.08306,0.069882,9.813987
1755074335410,-0.082207,0.053735,9.816907
1755074335412,-0.065314,0.06247,9.837019
1755074335414,-0.057604,0.064031,9.852035
1755074335416,-0.0731,0.059817,9.857043
1755074335418,-0.050862,0.070188,9.836118
1755074335422,-0.054703,0.060353,9.834395
1755074335423,-0.064031,0.069068,9.832058
1755074335424,-0.068369,0.066406,9.825392
1755074335426,-0.078894,0.079555,9.830076
1755074335428,-0.071433,0.076605,9.822336
1755074335430,-0.072927,0.086613,9.826484
1755074335432,-0.088652,0.083682,9.836415
1755074335434,-0.083845,0.076423,9.861277
1755074335437,-0.080857,0.067641,9.850924
1755074335438,-0.069097,0.059912,9.843549
1755074335441,-0.076308,0.06654,9.818181
1755074335442,-0.059108,0.071328,9.809101
1755074335444,-0.056541,0.082179,9.809638
1755074335446,-0.069652,0.070859,9.792055
1755074335448,-0.084123,0.066204,9.808489
1755074335450,-0.078204,0.07377,9.814197
1755074335452,-0.073761,0.061818,9.83088
1755074335454,-0.079947,0.049464,9.830803
1755074335457,-0.080081,0.055708,9.823735
1755074335458,-0.083797,0.06268,9.818649
1755074335460,-0.090453,0.066655,9.814138
1755074335462,-0.074891,0.070859,9.839211
1755074335464,-0.068436,0.074096,9.835975
1755074335466,-0.068149,0.066913,9.813957
1755074335468,-0.067612,0.070983,9.815805
1755074335470,-0.059003,0.07785,9.821675
1755074335472,-0.072324,0.069212,9.826657
1755074335475,-0.079804,0.066942,9.805511
1755074335476,-0.080503,0.077831,9.824252
1755074335478,-0.088174,0.068369,9.810424
1755074335480,-0.078846,0.063686,9.81728
1755074335482,-0.07331,0.069298,9.823026
1755074335484,-0.064653,0.07604,9.809964
1755074335486,-0.065802,0.075178,9.807148
1755074335488,-0.077745,0.076078,9.778764
1755074335490,-0.074881,0.095481,9.825459
1755074335492,-0.069556,0.087436,9.863346
1755074335494,-0.062604,0.080474,9.758718
1755074335496,-0.049177,0.072104,9.80937
1755074335498,-0.083289,0.071702,9.884854
1755074335500,-0.074297,0.064251,9.759196
1755074335502,-0.071749,0.070571,9.806057
1755074335504,-0.078922,0.076155,9.85078
1755074335506,-0.075427,0.074584,9.782413
1755074335508,-0.092828,0.072209,9.882996
1755074335510,-0.062182,0.054741,9.772088
1755074335512,-0.078482,0.065429,9.827824
1755074335514,-0.090903,0.074412,9.854295
1755074335516,-0.086766,0.073588,9.797083
1755074335518,-0.097252,0.087091,9.889212
1755074335520,-0.081719,0.061301,9.782564
1755074335522,-0.064787,0.061665,9.83517
1755074335524,-0.069595,0.077371,9.856774
1755074335526,-0.050058,0.073167,9.76546
1755074335528,-0.069643,0.08531,9.885151
1755074335530,-0.065208,0.080397,9.751622
1755074335532,-0.084688,0.06426,9.775439
1755074335534,-0.083471,0.066137,9.837057
1755074335536,-0.063437,0.059664,9.754946
1755074335538,-0.067727,0.06652,9.879262
1755074335540,-0.079219,0.058687,9.764176
1755074335542,-0.097339,0.054109,9.779299
1755074335544,-0.098497,0.055229,9.863976
1755074335546,-0.070514,0.050977,9.724327
1755074335548,-0.07785,0.060669,9.844018
1755074335550,-0.061263,0.056752,9.735896
1755074335552,-0.063389,0.047405,9.750962
1755074335554,-0.067612,0.046007,9.886874
1755074335557,-0.07603,0.054712,9.775784
1755074335558,-0.086431,0.067651,9.840494
1755074335561,-0.084534,0.070006,9.829012
1755074335562,-0.072477,0.066837,9.791566
1755074335564,-0.099867,0.073694,9.837019
1755074335566,-0.105412,0.087082,9.841165
1755074335568,-0.090893,0.077409,9.770076
1755074335570,-0.090836,0.077179,9.856535
1755074335573,-0.087005,0.071117,9.8252
1755074335574,-0.081058,0.054645,9.768812
1755074335576,-0.072726,0.05884,9.871408
1755074335578,-0.078214,0.054703,9.777719
1755074335580,-0.056666,0.046735,9.810519
1755074335582,-0.065457,0.048602,9.887784
1755074335584,-0.066846,0.065984,9.833686
1755074335586,-0.054837,0.067162,9.805931
1755074335588,-0.063006,0.080311,9.860826
1755074335590,-0.066406,0.084554,9.768803
1755074335593,-0.071453,0.088652,9.752149
1755074335594,-0.083529,0.082552,9.832498
1755074335596,-0.074421,0.065247,9.769683
1755074335598,-0.073445,0.063188,9.823928
1755074335600,-0.076739,0.062594,9.827068
1755074335602,-0.074421,0.061052,9.786702
1755074335604,-0.058227,0.057183,9.828247
1755074335607,-0.068158,0.048583,9.827603
1755074335608,-0.063341,0.046926,9.785294
1755074335610,-0.066559,0.06246,9.863651
1755074335612,-0.071472,0.053506,9.82499
1755074335614,-0.06223,0.054473,9.776856
1755074335617,-0.078645,0.056628,9.855414
1755074335618,-0.071663,0.058256,9.777719
1755074335620,-0.076796,0.06179,9.813957
1755074335622,-0.073081,0.065247,9.843263
1755074335624,-0.08012,0.074795,9.827509
1755074335626,-0.072238,0.08146,9.782545
1755074335628,-0.071702,0.088135,9.853261
1755074335630,-0.054061,0.07038,9.757474
1755074335632,-0.049675,0.060363,9.775726
1755074335634,-0.059012,0.081872,9.851623
1755074335636,-0.057662,0.076844,9.788367
1755074335638,-0.066003,0.080129,9.825994
1755074335641,-0.081719,0.083012,9.855139
1755074335642,-0.094178,0.057901,9.835562
1755074335644,-0.101505,0.047827,9.805826
1755074335646,-0.104176,0.061608,9.863249
1755074335648,-0.090989,0.055823,9.753537
1755074335650,-0.091468,0.059328,9.830621
1755074335652,-0.079219,0.072324,9.856401
1755074335654,-0.078645,0.071079,9.812856
1755074335656,-0.067631,0.074594,9.804927
1755074335658,-0.074718,0.085387,9.894488
1755074335660,-0.072554,0.069164,9.796432
1755074335662,-0.060449,0.058639,9.785868
1755074335664,-0.076059,0.069451,9.866677
1755074335666,-0.082044,0.067507,9.79332
1755074335668,-0.068694,0.065429,9.754926
1755074335670,-0.078511,0.082437,9.8718
1755074335672,-0.09776,0.08826,9.870308
1755074335675,-0.077352,0.074105,9.751488
1755074335677,-0.083787,0.066607,9.848721
1755074335678,-0.068331,0.074776,9.8381
1755074335680,-0.042349,0.071137,9.739315
1755074335682,-0.041161,0.058495,9.787372
1755074335684,-0.054607,0.064136,9.894986
1755074335686,-0.060545,0.058457,9.791968
1755074335688,-0.067344,0.057317,9.805788
1755074335690,-0.08373,0.069461,9.862502
1755074335692,-0.085243,0.070591,9.806478
1755074335694,-0.068982,0.06155,9.766017
1755074335696,-0.076643,0.066377,9.83944
1755074335698,-0.05998,0.074709,9.79987
1755074335700,-0.074287,0.071261,9.806708
1755074335702,-0.08621,0.081221,9.840849
1755074335704,-0.07989,0.072554,9.836338
1755074335706,-0.062977,0.076519,9.806037
1755074335708,-0.0801,0.072056,9.834241
1755074335710,-0.075523,0.083567,9.807857
1755074335712,-0.056168,0.089265,9.78854
1755074335714,-0.071941,0.087465,9.822911
1755074335716,-0.068551,0.087609,9.831827
1755074335718,-0.083337,0.072669,9.803556
1755074335720,-0.087829,0.075255,9.822012
1755074335722,-0.097559,0.072477,9.817252
1755074335724,-0.095749,0.0783,9.811629
1755074335726,-0.09732,0.064098,9.824855
1755074335728,-0.069872,0.079373,9.845532
1755074335730,-0.057585,0.073148,9.793329
1755074335732,-0.056417,0.073646,9.794325
1755074335734,-0.084439,0.077764,9.845263
1755074335736,-0.08985,0.058782,9.835016
1755074335738,-0.082131,0.062307,9.820565
1755074335740,-0.078424,0.068838,9.834661
1755074335742,-0.078032,0.068311,9.814301
1755074335744,-0.078233,0.064509,9.798797
1755074335746,-0.069872,0.059415,9.827662
1755074335748,-0.073272,0.059118,9.825612
1755074335750,-0.07151,0.068378,9.802839
1755074335752,-0.084985,0.070102,9.804801
1755074335754,-0.086325,0.07422,9.8345
1755074335756,-0.07988,0.071223,9.817856
1755074335758,-0.063925,0.061713,9.830046
1755074335760,-0.075417,0.064318,9.828064
1755074335762,-0.093154,0.07016,9.829701
1755074335764,-0.093412,0.066434,9.818593
1755074335766,-0.080819,0.066396,9.833256
1755074335768,-0.078989,0.062929,9.818267
1755074335770,-0.072611,0.058284,9.812608
1755074335772,-0.092234,0.04435,9.828418
1755074335774,-0.076222,0.059367,9.806355
1755074335777,-0.081719,0.071079,9.802351
1755074335778,-0.071318,0.073981,9.834241
1755074335780,-0.074239,0.0731,9.82454
1755074335782,-0.076069,0.070524,9.792802
1755074335784,-0.069058,0.059472,9.801517
1755074335786,-0.076873,0.064404,9.821074
1755074335788,-0.081652,0.065304,9.806641
1755074335790,-0.081681,0.074057,9.821542
1755074335792,-0.082638,0.084362,9.826694
1755074335794,-0.070141,0.08012,9.806831
1755074335796,-0.086708,0.079669,9.78788
1755074335798,-0.101035,0.08305,9.796479
1755074335800,-0.077716,0.082945,9.801813
1755074335802,-0.0715,0.072094,9.796653
1755074335804,-0.073052,0.068627,9.819597
1755074335806,-0.072937,0.063552,9.808643
1755074335808,-0.079631,0.046744,9.801689
1755074335810,-0.066702,0.057806,9.839203
1755074335812,-0.060257,0.065831,9.832431
1755074335814,-0.069078,0.074383,9.805031
1755074335816,-0.083155,0.069959,9.819904
1755074335818,-0.085521,0.074431,9.836961
1755074335820,-0.071031,0.068034,9.8336
1755074335822,-0.05635,0.079018,9.832221
1755074335824,-0.071089,0.082715,9.825315
1755074335826,-0.051245,0.084534,9.801106
1755074335828,-0.059376,0.065103,9.79423
1755074335830,-0.060171,0.062106,9.799343
1755074335832,-0.062345,0.070782,9.791174
1755074335834,-0.056637,0.079478,9.788655
1755074335836,-0.057154,0.084036,9.798779
1755074335838,-0.073081,0.086469,9.802101
1755074335840,-0.078788,0.072171,9.822999
1755074335842,-0.057633,0.055028,9.82362
1755074335844,-0.052318,0.055258,9.813258
1755074335846,-0.052538,0.056388,9.822414
1755074335848,-0.055392,0.058859,9.824683
1755074335850,-0.078156,0.059616,9.831741
1755074335852,-0.06653,0.070811,9.839968
1755074335854,-0.076863,0.074977,9.836931
1755074335856,-0.05906,0.086153,9.835036
1755074335858,-0.064921,0.073138,9.799543
1755074335861,-0.071299,0.078128,9.827011
1755074335863,-0.086191,0.087867,9.845819
1755074335864,-0.080167,0.064634,9.806611
1755074335867,-0.082571,0.073531,9.847075
1755074335868,-0.084257,0.077218,9.84625
1755074335870,-0.058457,0.067516,9.767482
1755074335872,-0.050393,0.06382,9.766906
1755074335874,-0.073128,0.064959,9.910194
1755074335876,-0.068235,0.038853,9.759706
1755074335878,-0.082581,0.048631,9.803202
1755074335880,-0.09232,0.070198,9.833331
1755074335882,-0.076356,0.080311,9.77452
1755074335884,-0.068091,0.07761,9.814704
1755074335886,-0.047578,0.074555,9.811524
1755074335888,-0.045624,0.068541,9.79555
1755074335890,-0.057767,0.068196,9.846489
1755074335892,-0.064126,0.061301,9.803346
1755074335894,-0.072238,0.064864,9.844133
1755074335897,-0.065189,0.067153,9.807655
1755074335898,-0.061952,0.071251,9.81912
1755074335900,-0.076241,0.051418,9.808145
1755074335902,-0.062077,0.062268,9.742218
1755074335904,-0.069872,0.074661,9.8345
1755074335906,-0.063868,0.061406,9.795531
1755074335908,-0.074603,0.071491,9.857551
1755074335910,-0.077582,0.060449,9.801277
1755074335912,-0.071089,0.050719,9.808825
1755074335914,-0.072056,0.059012,9.817751
1755074335916,-0.05545,0.056427,9.815566
1755074335919,-0.064452,0.059386,9.83472
1755074335920,-0.062039,0.054071,9.779807
1755074335922,-0.082763,0.070715,9.850043
1755074335924,-0.08712,0.054004,9.771312
1755074335926,-0.087781,0.056589,9.847754
1755074335928,-0.076461,0.049847,9.781933
1755074335930,-0.080407,0.070217,9.856813
1755074335932,-0.07739,0.064854,9.814828
1755074335934,-0.063073,0.056858,9.826091
1755074335936,-0.071127,0.062661,9.820488
1755074335938,-0.085645,0.067555,9.83652
1755074335940,-0.070734,0.071079,9.803049
1755074335942,-0.067842,0.073023,9.798387
1755074335944,-0.070964,0.063925,9.836596
1755074335946,-0.076681,0.055392,9.787774
1755074335948,-0.076528,0.061885,9.83878
1755074335950,-0.073167,0.055555,9.811524
1755074335952,-0.062431,0.038355,9.851986
1755074335954,-0.070562,0.050757,9.764368
1755074335956,-0.077994,0.056111,9.842927
1755074335958,-0.075274,0.049311,9.77611
1755074335960,-0.065333,0.054291,9.851057
1755074335962,-0.05975,0.044551,9.78901
1755074335964,-0.060334,0.056034,9.814638
1755074335966,-0.059874,0.047903,9.774481
1755074335968,-0.076069,0.053257,9.823104
1755074335970,-0.067698,0.071979,9.758699
1755074335972,-0.055842,0.074508,9.80691
1755074335974,-0.052203,0.077697,9.847171
1755074335976,-0.060133,0.068216,9.831129
1755074335978,-0.062766,0.085061,9.832382
1755074335980,-0.061703,0.083625,9.817146
1755074335983,-0.074086,0.067038,9.843328
1755074335986,-0.052146,0.053084,9.780678
1755074335986,-0.07378,0.05997,9.825593
1755074335988,-0.082255,0.055526,9.770708
1755074335990,-0.080388,0.071989,9.837316
1755074335992,-0.085396,0.078989,9.798079
1755074335994,-0.07807,0.08599,9.836788
1755074335996,-0.08893,0.067239,9.803635
1755074335998,-0.078128,0.065457,9.835361
1755074336000,-0.068656,0.077218,9.840207
1755074336002,-0.06767,0.080273,9.781367
1755074336004,-0.093508,0.074488,9.858594
1755074336006,-0.090453,0.072391,9.806746
1755074336008,-0.085521,0.077706,9.844153
1755074336010,-0.075992,0.079928,9.80348
1755074336012,-0.098124,0.07399,9.835879
1755074336014,-0.08555,0.071606,9.80934
1755074336017,-0.094197,0.074718,9.83088
1755074336018,-0.089045,0.063983,9.830928
1755074336020,-0.060181,0.062115,9.789392
1755074336022,-0.064232,0.064691,9.835065
1755074336024,-0.068532,0.068761,9.778389
1755074336026,-0.062479,0.054712,9.81049
1755074336028,-0.074651,0.077582,9.769445
1755074336030,-0.072516,0.082657,9.806372
1755074336032,-0.064299,0.069968,9.820584
1755074336034,-0.067114,0.063456,9.828283
1755074336036,-0.058802,0.046084,9.81886
1755074336038,-0.072018,0.057739,9.8329
1755074336040,-0.073789,0.056264,9.826714
1755074336042,-0.049972,0.055775,9.807398
1755074336044,-0.05318,0.075379,9.847466
1755074336046,-0.057643,0.063465,9.790666
1755074336048,-0.08351,0.063092,9.885239
1755074336051,-0.080072,0.062537,9.816696
1755074336052,-0.069279,0.05385,9.807274
1755074336054,-0.073263,0.054703,9.821982
1755074336056,-0.053046,0.057777,9.781827
1755074336058,-0.069298,0.06428,9.807119
1755074336060,-0.079219,0.05883,9.781282
1755074336062,-0.078626,0.058198,9.833791
1755074336064,-0.067057,0.058284,9.797467
1755074336067,-0.07286,0.047941,9.834432
1755074336068,-0.049713,0.037819,9.795609
1755074336070,-0.048851,0.052404,9.768476
1755074336072,-0.084036,0.068072,9.857379
1755074336074,-0.077773,0.04955,9.803959
1755074336076,-0.063216,0.065793,9.821954
1755074336078,-0.051638,0.059233,9.775095
1755074336080,-0.066549,0.066501,9.806756
1755074336082,-0.068761,0.072525,9.861583
1755074336084,-0.062537,0.065927,9.75959
1755074336086,-0.059003,0.065448,9.838129
1755074336088,-0.076002,0.055536,9.810472
1755074336090,-0.080838,0.044379,9.82591
1755074336092,-0.092483,0.067057,9.873908
1755074336095,-0.071855,0.062929,9.763228
1755074336096,-0.057193,0.070667,9.845148
1755074336098,-0.044685,0.068714,9.761074
1755074336101,-0.049206,0.072487,9.768151
1755074336102,-0.069671,0.070131,9.840427
1755074336104,-0.069872,0.066109,9.791289
1755074336107,-0.077026,0.077936,9.843415
1755074336108,-0.078673,0.068053,9.824596
1755074336110,-0.066224,0.075887,9.800608
1755074336112,-0.068694,0.082926,9.865931
1755074336114,-0.061435,0.085732,9.794401
1755074336116,-0.055421,0.085492,9.81455
1755074336118,-0.067526,0.075264,9.81934
1755074336120,-0.070294,0.067267,9.794314
1755074336122,-0.076547,0.06879,9.831521
1755074336124,-0.078396,0.058294,9.80799
1755074336126,-0.085483,0.074776,9.829998
1755074336128,-0.075264,0.061493,9.820814
1755074336130,-0.086632,0.07151,9.820575
1755074336132,-0.070916,0.086028,9.813995
1755074336135,-0.059903,0.086201,9.817557
1755074336136,-0.0672,0.073914,9.813507
1755074336138,-0.070466,0.060229,9.836051
1755074336140,-0.067967,0.081451,9.813354
1755074336142,-0.060133,0.06925,9.7942
1755074336144,-0.073837,0.077285,9.797198
1755074336146,-0.082466,0.077745,9.785447
1755074336148,-0.073186,0.084649,9.802426
1755074336150,-0.073358,0.090223,9.8141
1755074336152,-0.078932,0.073272,9.831177
1755074336154,-0.062747,0.069269,9.827183
1755074336156,-0.071213,0.057202,9.813574
1755074336158,-0.081767,0.065601,9.819751
1755074336160,-0.091123,0.070792,9.826648
1755074336162,-0.069202,0.069221,9.811477
1755074336164,-0.072085,0.055459,9.801325
1755074336166,-0.084276,0.067603,9.810356
1755074336169,-0.069987,0.074402,9.819502
1755074336171,-0.067622,0.075006,9.802713
1755074336172,-0.055268,0.081968,9.816054
1755074336174,-0.06337,0.083481,9.817137
1755074336176,-0.06381,0.083787,9.823371
1755074336178,-0.067584,0.080474,9.819099
1755074336180,-0.073531,0.069508,9.835246
1755074336182,-0.090482,0.068206,9.836788
1755074336184,-0.080847,0.074843,9.813574
1755074336186,-0.076768,0.065793,9.828937
1755074336189,-0.072592,0.070763,9.812503
1755074336190,-0.068627,0.059596,9.806717
1755074336192,-0.064241,0.07536,9.806075
1755074336194,-0.062383,0.080139,9.825688
1755074336196,-0.063092,0.069413,9.819723
1755074336198,-0.063896,0.065161,9.810586
1755074336200,-0.066607,0.063762,9.818545
1755074336202,-0.075772,0.063513,9.823485
1755074336204,-0.086325,0.071587,9.837171
1755074336207,-0.090319,0.061205,9.835016
1755074336208,-0.072879,0.055536,9.817751
1755074336210,-0.076193,0.064979,9.824933
1755074336212,-0.064806,0.069461,9.822528
1755074336214,-0.058102,0.074833,9.817751
1755074336217,-0.071759,0.055641,9.836511
1755074336218,-0.075389,0.06993,9.831943
1755074336221,-0.067804,0.070591,9.804285
1755074336222,-0.067296,0.065706,9.797438
1755074336224,-0.069997,0.064069,9.814742
1755074336226,-0.074077,0.063216,9.813238
1755074336228,-0.069202,0.071165,9.803979
1755074336230,-0.066607,0.063465,9.806708
1755074336232,-0.071098,0.066128,9.817531
1755074336234,-0.072602,0.062355,9.811209
1755074336238,-0.058284,0.05702,9.827451
1755074336239,-0.061924,0.065199,9.819789
1755074336240,-0.058936,0.062268,9.815977
1755074336242,-0.059884,0.069202,9.826322
1755074336244,-0.055785,0.059731,9.829443
1755074336246,-0.082964,0.066492,9.837851
1755074336248,-0.077764,0.081192,9.840819
1755074336250,-0.075647,0.081518,9.838598
1755074336252,-0.074642,0.076672,9.819396
1755074336254,-0.073818,0.091133,9.835859
1755074336257,-0.078348,0.076346,9.819616
1755074336258,-0.08757,0.063485,9.799976
1755074336260,-0.066492,0.088863,9.810576
1755074336262,-0.07378,0.072171,9.801028
1755074336264,-0.066166,0.066262,9.810596
1755074336266,-0.065927,0.063121,9.823869
1755074336268,-0.072133,0.074536,9.821772
1755074336271,-0.097971,0.066904,9.831932
1755074336272,-0.098277,0.077227,9.849947
1755074336274,-0.092694,0.079985,9.834241
1755074336278,-0.086172,0.074613,9.828543
1755074336279,-0.085923,0.076231,9.828151
1755074336280,-0.085837,0.073425,9.828868
1755074336282,-0.071366,0.073023,9.830908
1755074336284,-0.060248,0.084487,9.834068
1755074336286,-0.058917,0.091085,9.826772
1755074336288,-0.080436,0.079507,9.839603
1755074336290,-0.078549,0.065189,9.844316
1755074336292,-0.065955,0.051131,9.848787
1755074336294,-0.063983,0.066473,9.853241
1755074336296,-0.055498,0.061062,9.862339
1755074336298,-0.053774,0.063609,9.869465
1755074336300,-0.070198,0.066635,9.836205
1755074336303,-0.07965,0.06201,9.830123
1755074336305,-0.067076,0.063312,9.834432
1755074336311,-0.07106,0.064567,9.841233
1755074336312,-0.068675,0.059874,9.836166
1755074336313,-0.054741,0.063169,9.819846
1755074336314,-0.067526,0.06517,9.822329
1755074336315,-0.078185,0.063331,9.802139
1755074336316,-0.080426,0.062632,9.810548
1755074336319,-0.080167,0.059031,9.820057
1755074336320,-0.095452,0.062173,9.83064
1755074336324,-0.07648,0.061253,9.828274
1755074336325,-0.070706,0.061809,9.833695
1755074336327,-0.073023,0.063446,9.835179
1755074336329,-0.073655,0.07106,9.829079
1755074336330,-0.07446,0.074373,9.846604
1755074336332,-0.069633,0.075887,9.83902
1755074336335,-0.081259,0.06155,9.831013
1755074336337,-0.081805,0.061052,9.822279
1755074336339,-0.082696,0.072075,9.820509
1755074336341,-0.075733,0.066932,9.820746
1755074336342,-0.076318,0.069719,9.829643
1755074336344,-0.069461,0.076653,9.83041
1755074336346,-0.062402,0.090233,9.8261
1755074336349,-0.070045,0.083203,9.79623
1755074336350,-0.057777,0.076624,9.797131
1755074336352,-0.063858,0.068752,9.801556
1755074336354,-0.06155,0.075982,9.812664
1755074336357,-0.055421,0.080053,9.833495
1755074336358,-0.050297,0.071424,9.809264
1755074336360,-0.075235,0.068369,9.8026
1755074336362,-0.076385,0.066434,9.816314
1755074336364,-0.066588,0.072918,9.814877
1755074336366,-0.072899,0.066923,9.8234
1755074336368,-0.075599,0.059405,9.825248
1755074336370,-0.057528,0.064854,9.816227
1755074336372,-0.057279,0.070112,9.806114
1755074336375,-0.052232,0.078817,9.831272
1755074336376,-0.049177,0.075369,9.811179
1755074336378,-0.043421,0.082897,9.815126
1755074336380,-0.065323,0.085052,9.825641
1755074336382,-0.080953,0.081805,9.816457
1755074336384,-0.076107,0.077668,9.812407
1755074336386,-0.068924,0.074431,9.807981
1755074336388,-0.091334,0.073904,9.813325
1755074336390,-0.087877,0.073923,9.827049
1755074336392,-0.074651,0.072343,9.817577
1755074336394,-0.067555,0.075609,9.828238
1755074336396,-0.077361,0.079717,9.806372
1755074336398,-0.079018,0.079248,9.77203
1755074336400,-0.070064,0.086019,9.809619
1755074336402,-0.073502,0.075034,9.817492
1755074336404,-0.07128,0.070888,9.791968
1755074336406,-0.085799,0.063657,9.864599
1755074336408,-0.07944,0.078377,9.790666
1755074336410,-0.064701,0.082073,9.828868
1755074336412,-0.065927,0.086412,9.825124
1755074336414,-0.061952,0.075906,9.831751
1755074336416,-0.070112,0.072793,9.832182
1755074336418,-0.082447,0.072918,9.801058
1755074336420,-0.063082,0.072382,9.854391
1755074336422,-0.051083,0.081661,9.805194
1755074336424,-0.068225,0.087235,9.844517
1755074336426,-0.064672,0.073014,9.822711
1755074336428,-0.06269,0.081585,9.845781
1755074336430,-0.0645,0.078788,9.843558
1755074336432,-0.07423,0.069911,9.801325
1755074336434,-0.080273,0.077237,9.833955
1755074336436,-0.087589,0.085109,9.791203
1755074336438,-0.074575,0.082112,9.86209
1755074336440,-0.083021,0.064998,9.806267
1755074336442,-0.082064,0.076796,9.818936
1755074336444,-0.067459,0.076921,9.810022
1755074336446,-0.056178,0.077266,9.80302
1755074336448,-0.058677,0.078827,9.822615
1755074336450,-0.065965,0.080551,9.784222
1755074336452,-0.066013,0.086871,9.855463
1755074336454,-0.067047,0.05702,9.788876
1755074336456,-0.069422,0.049167,9.851231
1755074336458,-0.067248,0.047463,9.777
1755074336460,-0.072104,0.065218,9.807494
1755074336462,-0.071931,0.067449,9.824558
1755074336464,-0.07514,0.065783,9.763975
1755074336466,-0.072947,0.082188,9.824204
1755074336468,-0.051533,0.077697,9.779069
1755074336470,-0.056072,0.069844,9.817931
1755074336473,-0.064136,0.055727,9.789986
1755074336474,-0.090539,0.06834,9.846931
1755074336476,-0.093565,0.070255,9.80801
1755074336480,-0.069307,0.067536,9.817424
1755074336481,-0.070888,0.070208,9.844928
1755074336482,-0.070064,0.064212,9.791212
1755074336484,-0.086335,0.086067,9.871036
1755074336486,-0.07241,0.07467,9.771427
1755074336488,-0.084764,0.068963,9.869264
1755074336490,-0.07332,0.070552,9.811639
1755074336492,-0.070227,0.051313,9.791289
1755074336494,-0.090012,0.063849,9.833725
1755074336496,-0.076413,0.059482,9.784183
1755074336498,-0.081527,0.063073,9.820565
1755074336500,-0.073914,0.077486,9.807119
1755074336502,-0.070198,0.082744,9.840648
1755074336504,-0.066559,0.071175,9.805665
1755074336506,-0.0715,0.077792,9.862186
1755074336508,-0.05613,0.079516,9.803471
1755074336510,-0.062872,0.073445,9.808414
1755074336512,-0.077601,0.080742,9.863958
1755074336514,-0.061234,0.058533,9.76727
1755074336516,-0.06856,0.070591,9.863143
1755074336518,-0.063073,0.058658,9.760385
1755074336520,-0.068953,0.06381,9.793654
1755074336522,-0.068091,0.072401,9.821695
1755074336524,-0.062881,0.069595,9.765163
1755074336527,-0.073109,0.071309,9.809006
1755074336529,-0.089763,0.054329,9.801096
1755074336531,-0.093364,0.063178,9.86345
1755074336532,-0.08577,0.056168,9.792314
1755074336534,-0.083922,0.056139,9.842534
1755074336536,-0.080493,0.064289,9.806611
1755074336538,-0.065276,0.053247,9.795732
1755074336540,-0.089486,0.065917,9.833341
1755074336542,-0.076816,0.079698,9.811285
1755074336545,-0.064509,0.077524,9.849171
1755074336546,-0.06132,0.050652,9.776388
1755074336548,-0.073579,0.050422,9.830956
1755074336550,-0.100853,0.060229,9.871936
1755074336552,-0.085406,0.062613,9.780066
1755074336554,-0.080378,0.056494,9.847427
1755074336556,-0.069087,0.066616,9.818917
1755074336558,-0.072841,0.064883,9.849392
1755074336561,-0.048009,0.06155,9.805731
1755074336562,-0.051514,0.064011,9.826962
1755074336564,-0.071893,0.075887,9.884854
1755074336566,-0.080483,0.07309,9.778476
1755074336568,-0.067497,0.074661,9.82002
1755074336570,-0.071769,0.067086,9.828562
1755074336572,-0.062268,0.054243,9.771359
1755074336574,-0.07604,0.065218,9.837152
1755074336576,-0.056848,0.04797,9.746632
1755074336578,-0.077141,0.068819,9.803202
1755074336580,-0.08803,0.092253,9.844938
1755074336582,-0.065965,0.082466,9.790705
1755074336584,-0.068733,0.067708,9.79264
1755074336586,-0.057087,0.052893,9.79625
1755074336588,-0.077812,0.072793,9.867568
1755074336590,-0.08238,0.068014,9.802312
1755074336593,-0.074642,0.059108,9.831923
1755074336595,-0.087082,0.060861,9.860768
1755074336598,-0.082485,0.071251,9.797792
1755074336599,-0.092263,0.094006,9.821992
1755074336600,-0.079315,0.079555,9.78878
1755074336602,-0.0851,0.075791,9.837774
1755074336604,-0.080685,0.084467,9.804917
1755074336606,-0.074584,0.088461,9.778026
1755074336608,-0.065888,0.076346,9.805433
1755074336610,-0.066846,0.073004,9.79218
1755074336613,-0.050202,0.070763,9.828361
1755074336614,-0.058639,0.069805,9.784623
1755074336616,-0.06744,0.077496,9.836194
1755074336618,-0.066693,0.073904,9.803891
1755074336620,-0.067038,0.071663,9.791634
1755074336622,-0.067603,0.074948,9.879979
1755074336624,-0.058677,0.068043,9.807484
1755074336626,-0.057537,0.073387,9.856421
1755074336629,-0.056139,0.08487,9.807197
1755074336630,-0.073272,0.067679,9.808968
1755074336632,-0.070016,0.071615,9.825047
1755074336634,-0.052088,0.057346,9.792945
1755074336636,-0.056944,0.066109,9.81706
1755074336638,-0.05204,0.063916,9.77632
1755074336640,-0.068484,0.06631,9.8587
1755074336642,-0.071721,0.065113,9.803825
1755074336644,-0.084783,0.068656,9.825248
1755074336646,-0.07061,0.072027,9.791452
1755074336649,-0.080139,0.06856,9.810424
1755074336650,-0.08917,0.077381,9.840217
1755074336652,-0.07603,0.05703,9.770239
1755074336654,-0.087618,0.057269,9.842017
1755074336656,-0.066683,0.054636,9.76004
1755074336658,-0.068196,0.065429,9.827558
1755074336660,-0.078386,0.058131,9.786491
1755074336662,-0.085272,0.055814,9.814857
1755074336664,-0.089821,0.062527,9.781445
1755074336666,-0.079583,0.065975,9.807197
1755074336668,-0.084104,0.067497,9.807138
1755074336670,-0.090932,0.073483,9.795493
1755074336672,-0.087216,0.072563,9.842028
1755074336674,-0.07649,0.069384,9.793558
1755074336676,-0.099752,0.084046,9.859093
1755074336678,-0.075973,0.083998,9.799831
1755074336680,-0.081307,0.084104,9.85172
1755074336682,-0.079124,0.073186,9.796902
1755074336684,-0.085952,0.076404,9.848557
1755074336686,-0.078252,0.070447,9.796844
1755074336688,-0.06064,0.070533,9.816706
1755074336690,-0.063983,0.059673,9.801402
1755074336692,-0.055478,0.057269,9.818975
1755074336694,-0.061359,0.054913,9.788723
1755074336697,-0.065333,0.063782,9.823361
1755074336698,-0.091075,0.054789,9.817184
1755074336700,-0.099465,0.05137,9.795569
1755074336702,-0.08689,0.056522,9.780927
1755074336704,-0.086555,0.064299,9.807406
1755074336706,-0.066319,0.06902,9.795081
1755074336708,-0.060133,0.066607,9.79287
1755074336710,-0.059022,0.077879,9.792255
1755074336712,-0.061157,0.07694,9.804409
1755074336715,-0.071309,0.084381,9.809926
1755074336716,-0.069097,0.069365,9.819723
1755074336718,-0.079756,0.076844,9.831472
1755074336720,-0.069259,0.071366,9.794804
1755074336722,-0.067967,0.066348,9.836655
1755074336724,-0.075513,0.068819,9.827509
1755074336726,-0.084812,0.055804,9.802542
1755074336728,-0.08532,0.062508,9.80799
1755074336730,-0.076863,0.070246,9.815078
1755074336732,-0.065544,0.065323,9.822184
1755074336735,-0.069882,0.067478,9.807005
1755074336736,-0.06473,0.065592,9.834748
1755074336738,-0.0697,0.05363,9.807254
1755074336740,-0.075599,0.063102,9.812952
1755074336742,-0.06858,0.064059,9.808623
1755074336744,-0.071328,0.060947,9.834059
1755074336746,-0.063351,0.058658,9.781759
1755074336749,-0.076164,0.064088,9.825708
1755074336750,-0.071567,0.076854,9.777087
1755074336752,-0.071663,0.070773,9.836146
1755074336754,-0.050642,0.071309,9.790321
1755074336756,-0.062584,0.053534,9.855301
1755074336758,-0.047099,0.064126,9.786059
1755074336760,-0.051293,0.071299,9.83925
1755074336762,-0.042483,0.066568,9.782584
1755074336764,-0.081183,0.064069,9.866775
1755074336766,-0.066827,0.064414,9.791336
1755074336768,-0.073301,0.062786,9.853865
1755074336770,-0.076298,0.060516,9.787113
1755074336772,-0.089361,0.061416,9.859313
1755074336774,-0.084381,0.075197,9.815308
1755074336776,-0.088365,0.08374,9.840743
1755074336778,-0.076471,0.073856,9.800789
1755074336780,-0.074642,0.067258,9.852341
1755074336782,-0.077745,0.066865,9.795138
1755074336784,-0.074192,0.062383,9.832536
1755074336786,-0.079114,0.064394,9.81682
1755074336788,-0.090185,0.070725,9.846058
1755074336790,-0.079842,0.065256,9.812292
1755074336792,-0.085195,0.073387,9.834644
1755074336794,-0.074172,0.078013,9.816754
1755074336796,-0.068848,0.079966,9.811267
1755074336798,-0.065381,0.067967,9.786242
1755074336800,-0.055718,0.067861,9.826435
1755074336802,-0.064059,0.070016,9.829099
1755074336804,-0.077141,0.073377,9.812742
1755074336806,-0.071606,0.054703,9.856535
1755074336808,-0.057892,0.056005,9.818315
1755074336810,-0.059003,0.066415,9.816877
1755074336812,-0.085349,0.070447,9.788741
1755074336814,-0.080254,0.081049,9.842304
1755074336816,-0.074546,0.065208,9.795263
1755074336818,-0.084985,0.063638,9.832382
1755074336820,-0.07717,0.073368,9.796316
1755074336822,-0.07355,0.084046,9.839278
1755074336824,-0.072506,0.075408,9.804305
1755074336826,-0.07468,0.077524,9.856459
1755074336828,-0.101505,0.080292,9.80281
1755074336830,-0.099647,0.072812,9.83967
1755074336834,-0.086239,0.075322,9.786521
1755074336835,-0.075666,0.068168,9.803298
1755074336836,-0.068771,0.050307,9.799084
1755074336838,-0.054808,0.049129,9.818286
1755074336840,-0.057796,0.04527,9.802072
1755074336842,-0.06245,0.061972,9.822624
1755074336844,-0.07942,0.069116,9.828937
1755074336846,-0.075982,0.058926,9.800348
1755074336848,-0.06947,0.066674,9.831158
1755074336850,-0.066023,0.068627,9.802695
1755074336852,-0.077764,0.072841,9.856296
1755074336854,-0.074479,0.070753,9.810404
1755074336856,-0.078453,0.056771,9.833014
1755074336858,-0.056934,0.064509,9.814943
1755074336860,-0.063379,0.068445,9.843952
1755074336862,-0.064883,0.066942,9.828763
1755074336864,-0.06857,0.064519,9.835562
1755074336866,-0.082993,0.067919,9.824674
1755074336868,-0.084726,0.050489,9.811363
1755074336870,-0.066837,0.052787,9.815585
1755074336872,-0.065697,0.042636,9.817655
1755074336874,-0.087101,0.050843,9.869196
1755074336876,-0.082303,0.050633,9.815403
1755074336878,-0.08441,0.069738,9.834548
1755074336880,-0.063963,0.083318,9.801796
1755074336882,-0.06562,0.084994,9.832574
1755074336884,-0.062192,0.079306,9.797763
1755074336886,-0.072698,0.07694,9.815701
1755074336888,-0.070351,0.080302,9.810548
1755074336890,-0.048545,0.06585,9.814666
1755074336892,-0.043546,0.065735,9.835696
1755074336894,-0.057384,0.067938,9.822539
1755074336896,-0.066664,0.073301,9.846576
1755074336898,-0.081087,0.069872,9.811104
1755074336900,-0.072458,0.071826,9.825736
1755074336902,-0.070275,0.081623,9.799084
1755074336904,-0.077074,0.080483,9.831321
1755074336906,-0.080886,0.07084,9.842285
1755074336908,-0.062728,0.084736,9.793242
1755074336910,-0.059415,0.081355,9.817481
1755074336912,-0.053075,0.085004,9.810193
1755074336914,-0.08101,0.082552,9.815048
1755074336916,-0.079717,0.062728,9.812089
1755074336918,-0.070581,0.065869,9.830803
1755074336920,-0.063169,0.067689,9.826081
1755074336922,-0.076116,0.054588,9.825449
1755074336924,-0.104684,0.061349,9.831446
1755074336926,-0.087925,0.068876,9.825861
1755074336928,-0.076432,0.080177,9.820384
1755074336930,-0.06767,0.072133,9.827997
1755074336932,-0.068455,0.073617,9.816227
1755074336934,-0.059664,0.088375,9.83809
1755074336937,-0.065879,0.076624,9.844008
1755074336938,-0.066204,0.064145,9.851891
1755074336940,-0.077831,0.046591,9.833522
1755074336942,-0.069049,0.031987,9.826207
1755074336944,-0.064979,0.044915,9.825718
1755074336946,-0.072793,0.045624,9.828008
1755074336948,-0.061904,0.062268,9.814724
1755074336950,-0.062929,0.080723,9.810519
1755074336952,-0.06903,0.080129,9.824702
1755074336954,-0.076021,0.073148,9.824013
1755074336957,-0.073445,0.076251,9.817635
1755074336958,-0.066473,0.081987,9.843799
1755074336960,-0.08057,0.074546,9.86435
1755074336962,-0.081661,0.071165,9.852656
1755074336964,-0.076777,0.074211,9.851651
1755074336966,-0.064825,0.082542,9.835639
1755074336968,-0.069815,0.066865,9.827202
1755074336970,-0.07061,0.048085,9.833035
1755074336972,-0.061311,0.043009,9.816266
1755074336974,-0.062153,0.069173,9.820765
1755074336976,-0.063552,0.066291,9.810213
1755074336978,-0.075551,0.060573,9.812434
1755074336980,-0.077783,0.071261,9.828714
1755074336982,-0.07717,0.057691,9.81931
1755074336984,-0.06721,0.063063,9.807291
1755074336986,-0.083538,0.072477,9.812933
1755074336988,-0.084467,0.07808,9.802236
1755074336990,-0.093996,0.068263,9.804765
1755074336992,-0.088873,0.068187,9.817577
1755074336994,-0.079449,0.067651,9.828705
1755074336996,-0.075714,0.070974,9.816178
1755074336998,-0.067143,0.0577,9.826407
1755074337000,-0.054502,0.056245,9.826609
1755074337002,-0.059558,0.068829,9.833149
1755074337005,-0.072219,0.083261,9.814112
1755074337006,-0.059443,0.085492,9.837487
1755074337008,-0.085463,0.075829,9.823305
1755074337010,-0.091765,0.07965,9.835696
1755074337012,-0.090836,0.087925,9.824148
1755074337014,-0.087666,0.080388,9.841203
1755074337016,-0.085128,0.07399,9.823928
1755074337018,-0.080388,0.079306,9.816418
1755074337021,-0.088978,0.0697,9.833561
1755074337022,-0.089275,0.07354,9.820047
1755074337024,-0.075523,0.071663,9.822989
1755074337026,-0.06903,0.072037,9.818152
1755074337028,-0.081623,0.059903,9.808883
1755074337030,-0.083376,0.071165,9.80754
1755074337032,-0.081518,0.076021,9.805425
1755074337034,-0.07672,0.076423,9.814647
1755074337036,-0.065879,0.065208,9.815413
1755074337039,-0.081298,0.051485,9.825842
1755074337041,-0.079191,0.062747,9.838464
1755074337042,-0.064145,0.078511,9.82158
1755074337044,-0.066099,0.070409,9.802638
1755074337046,-0.063973,0.069154,9.810576
1755074337048,-0.079555,0.077601,9.824175
1755074337050,-0.06586,0.072554,9.830256
1755074337052,-0.08328,0.072506,9.825019
1755074337055,-0.089371,0.071654,9.835515
1755074337057,-0.083471,0.068541,9.825994
1755074337058,-0.078099,0.075733,9.823658
1755074337060,-0.077227,0.0611,9.83154
1755074337062,-0.075322,0.068474,9.831972
1755074337064,-0.067574,0.051954,9.841002
1755074337066,-0.056982,0.062987,9.840705
1755074337068,-0.083692,0.065017,9.843263
1755074337070,-0.08509,0.062814,9.834557
1755074337072,-0.071194,0.070083,9.809553
1755074337075,-0.063398,0.077256,9.803317
1755074337076,-0.07785,0.070955,9.818419
1755074337078,-0.077773,0.076729,9.821485
1755074337080,-0.065764,0.084285,9.838464
1755074337082,-0.067842,0.091133,9.823936
1755074337084,-0.063753,0.078903,9.80688
1755074337086,-0.065457,0.064174,9.816802
1755074337089,-0.082198,0.058581,9.80053
1755074337091,-0.090999,0.059999,9.80462
1755074337092,-0.087542,0.075676,9.814187
1755074337094,-0.085904,0.081604,9.819571
1755074337096,-0.099082,0.071998,9.827719
1755074337098,-0.099522,0.074124,9.831158
1755074337100,-0.094695,0.069461,9.821877
1755074337102,-0.092177,0.080234,9.814686
1755074337104,-0.089457,0.074776,9.813718
1755074337106,-0.088269,0.072803,9.80913
1755074337108,-0.084985,0.070313,9.799372
1755074337110,-0.08237,0.081183,9.799142
1755074337112,-0.079315,0.082332,9.82838
1755074337114,-0.070141,0.084975,9.834414
1755074337116,-0.080464,0.070437,9.846385
1755074337118,-0.095442,0.057949,9.821159
1755074337120,-0.086766,0.063437,9.82724
1755074337123,-0.08215,0.073291,9.81455
1755074337124,-0.078108,0.073282,9.823582
1755074337126,-0.078961,0.071682,9.817616
1755074337128,-0.058237,0.05997,9.811315
1755074337130,-0.060573,0.047855,9.801871
1755074337132,-0.066894,0.069508,9.814112
1755074337134,-0.071204,0.075073,9.823698
1755074337136,-0.069355,0.06541,9.828571
1755074337138,-0.085301,0.078051,9.831578
1755074337140,-0.083606,0.084726,9.821514
1755074337142,-0.09234,0.080704,9.821189
1755074337144,-0.079794,0.059051,9.82203
1755074337146,-0.067411,0.056101,9.816926
1755074337148,-0.074958,0.068005,9.820412
1755074337150,-0.070208,0.070696,9.818545
1755074337152,-0.0722,0.067181,9.829041
1755074337154,-0.060573,0.060008,9.825977
1755074337157,-0.064845,0.057528,9.828543
1755074337158,-0.058524,0.059041,9.811419
1755074337160,-0.065649,0.05114,9.829117
1755074337162,-0.063829,0.06065,9.809207
1755074337164,-0.050556,0.062029,9.825038
1755074337166,-0.049886,0.065745,9.826579
1755074337168,-0.070351,0.068647,9.851824
1755074337170,-0.06879,0.073866,9.845983
1755074337172,-0.080656,0.059156,9.844393
1755074337174,-0.073042,0.068388,9.839307
1755074337176,-0.069173,0.084477,9.832488
1755074337178,-0.086622,0.075992,9.828601
1755074337180,-0.092723,0.078884,9.829989
1755074337182,-0.098459,0.069432,9.815308
1755074337184,-0.076365,0.065563,9.812733
1755074337186,-0.081642,0.074402,9.800119
1755074337188,-0.073665,0.079689,9.809839
1755074337190,-0.079076,0.081336,9.829806
1755074337193,-0.075934,0.082035,9.84511
1755074337194,-0.06969,0.062709,9.842304
1755074337196,-0.067785,0.069643,9.834566
1755074337198,-0.079679,0.073962,9.830773
1755074337200,-0.078712,0.066348,9.825058
1755074337202,-0.066923,0.064461,9.818094
1755074337205,-0.08623,0.082159,9.806019
1755074337206,-0.089486,0.08645,9.809207
1755074337210,-0.06382,0.08215,9.809849
1755074337210,-0.063513,0.080091,9.815489
1755074337212,-0.070409,0.076758,9.820986
1755074337214,-0.075532,0.071223,9.817318
1755074337216,-0.077189,0.082667,9.816926
1755074337218,-0.071903,0.081652,9.816725
1755074337220,-0.059855,0.087685,9.816706
1755074337222,-0.042368,0.075934,9.816266
1755074337225,-0.05409,0.084324,9.819685
1755074337226,-0.049474,0.085607,9.815958
1755074337228,-0.059386,0.073148,9.819694
1755074337230,-0.076835,0.077697,9.814312
1755074337233,-0.092732,0.07197,9.834078
1755074337234,-0.089639,0.087657,9.815452
1755074337236,-0.088432,0.070102,9.820986
1755074337238,-0.083155,0.073061,9.816897
1755074337240,-0.089869,0.069432,9.801919
1755074337243,-0.081728,0.077792,9.793922
1755074337244,-0.068781,0.07785,9.799247
1755074337246,-0.058351,0.065659,9.809237
1755074337248,-0.069422,0.057413,9.810806
1755074337250,-0.080043,0.065103,9.822576
1755074337252,-0.079641,0.078453,9.818094
1755074337254,-0.067497,0.075609,9.810136
1755074337256,-0.07152,0.073655,9.806736
1755074337258,-0.071271,0.069805,9.818621
1755074337260,-0.068685,0.06969,9.820393
1755074337262,-0.06857,0.082217,9.816868
1755074337264,-0.063025,0.073387,9.800942
1755074337266,-0.070131,0.06924,9.794518
1755074337268,-0.085684,0.068378,9.791779
1755074337270,-0.090003,0.068733,9.798863
1755074337272,-0.080474,0.076212,9.80823
1755074337274,-0.065678,0.079162,9.817751
1755074337276,-0.069978,0.088691,9.81934
1755074337280,-0.083979,0.073167,9.824184
1755074337281,-0.081671,0.069173,9.809783
1755074337282,-0.07761,0.06947,9.791566
1755074337284,-0.081537,0.064145,9.808326
1755074337286,-0.082025,0.073186,9.823256
1755074337288,-0.088892,0.07309,9.838272
1755074337290,-0.073128,0.066702,9.832106
1755074337292,-0.069547,0.056225,9.80936
1755074337295,-0.072027,0.051878,9.812703
1755074337296,-0.074852,0.070428,9.809494
1755074337298,-0.071845,0.070246,9.810204
1755074337300,-0.062192,0.069116,9.807636
1755074337302,-0.068522,0.071721,9.818143
1755074337304,-0.07061,0.077438,9.818545
1755074337306,-0.090003,0.060707,9.804236
1755074337308,-0.08328,0.05613,9.806975
1755074337310,-0.07852,0.056522,9.833417
1755074337312,-0.08101,0.057097,9.821226
1755074337314,-0.085693,0.056733,9.805108
1755074337316,-0.080819,0.065113,9.815747
1755074337318,-0.067124,0.070907,9.825899
1755074337320,-0.075772,0.064069,9.822672
1755074337323,-0.062613,0.070188,9.827212
1755074337324,-0.063887,0.069729,9.828705
1755074337326,-0.080196,0.082303,9.806717
1755074337333,-0.081719,0.084285,9.805146
1755074337334,-0.086641,0.086766,9.835303
1755074337335,-0.088241,0.079401,9.83878
1755074337336,-0.080809,0.069939,9.830076
1755074337338,-0.071769,0.068082,9.806641
1755074337339,-0.060621,0.062422,9.804744
1755074337341,-0.065802,0.064653,9.816533
1755074337342,-0.053716,0.065266,9.812943
1755074337345,-0.063408,0.05883,9.797533
1755074337346,-0.080397,0.058026,9.812147
1755074337348,-0.082705,0.064155,9.819473
1755074337350,-0.078827,0.065036,9.817031
1755074337352,-0.093719,0.071941,9.803864
1755074337354,-0.093594,0.078645,9.803921
1755074337356,-0.090194,0.073186,9.802972
1755074337358,-0.092445,0.070983,9.776818
1755074337360,-0.095069,0.070955,9.793271
1755074337363,-0.075887,0.074795,9.814811
1755074337364,-0.072889,0.081527,9.806497
1755074337366,-0.075848,0.078884,9.828897
1755074337368,-0.077582,0.073799,9.82859
1755074337370,-0.077256,0.06472,9.830717
1755074337372,-0.062843,0.065582,9.843472
1755074337374,-0.066856,0.069997,9.815231
1755074337376,-0.066501,0.069384,9.805711
1755074337378,-0.066635,0.056053,9.824291
1755074337380,-0.058505,0.062288,9.817883
1755074337382,-0.072171,0.060899,9.830123
1755074337384,-0.088576,0.068522,9.827202
1755074337386,-0.077812,0.074833,9.829481
1755074337388,-0.086881,0.071232,9.825977
1755074337390,-0.082763,0.064337,9.824855
1755074337392,-0.070801,0.070083,9.841424
1755074337394,-0.086517,0.0559,9.834604
1755074337397,-0.068647,0.066386,9.825152
1755074337398,-0.072324,0.066434,9.799027
1755074337400,-0.057806,0.069489,9.796393
1755074337402,-0.066578,0.063226,9.791749
1755074337404,-0.077151,0.067536,9.799007
1755074337406,-0.072056,0.08622,9.810519
1755074337408,-0.07287,0.081029,9.815106
1755074337410,-0.074086,0.073272,9.823208
1755074337412,-0.07808,0.071069,9.811687
1755074337414,-0.079564,0.068761,9.822279
1755074337416,-0.085885,0.065266,9.817797
1755074337418,-0.075714,0.066722,9.83155
1755074337420,-0.065582,0.078128,9.82293
1755074337422,-0.063935,0.075982,9.815327
1755074337424,-0.062077,0.080397,9.815738
1755074337426,-0.066051,0.064078,9.818736
1755074337428,-0.065898,0.06179,9.82045
1755074337430,-0.077917,0.06111,9.810117
1755074337432,-0.088921,0.062604,9.802542
1755074337434,-0.086383,0.074373,9.801929
1755074337436,-0.085856,0.057432,9.810949
1755074337438,-0.095481,0.057978,9.823793
1755074337440,-0.083912,0.067612,9.841854
1755074337442,-0.070428,0.066214,9.841797
1755074337444,-0.062,0.05092,9.837364
1755074337446,-0.064308,0.058849,9.821063
1755074337448,-0.069336,0.060985,9.826648
1755074337450,-0.068752,0.063351,9.831291
1755074337452,-0.068436,0.057375,9.835831
1755074337454,-0.069834,0.053295,9.832632
1755074337456,-0.076021,0.071749,9.823476
1755074337458,-0.072659,0.084755,9.801823
1755074337461,-0.081987,0.085483,9.788885
1755074337462,-0.066616,0.084841,9.787075
1755074337464,-0.073502,0.077773,9.794535
1755074337466,-0.066329,0.061569,9.806555
1755074337468,-0.067057,0.062422,9.809245
1755074337470,-0.04775,0.056541,9.838446
1755074337472,-0.048066,0.061943,9.835869
1755074337474,-0.062642,0.070188,9.819215
1755074337476,-0.0722,0.06971,9.806621
1755074337478,-0.080809,0.063628,9.810107
1755074337481,-0.085799,0.067459,9.818707
1755074337482,-0.073148,0.069202,9.818898
1755074337484,-0.065094,0.066913,9.819369
1755074337486,-0.07015,0.056427,9.825603
1755074337488,-0.076404,0.048574,9.835888
1755074337490,-0.069413,0.052443,9.843502
1755074337492,-0.066645,0.063063,9.826674
1755074337494,-0.068273,0.069786,9.804351
1755074337496,-0.074871,0.077486,9.803921
1755074337499,-0.066501,0.074306,9.820863
1755074337501,-0.06653,0.060439,9.815652
1755074337502,-0.075159,0.057815,9.81822
1755074337504,-0.084611,0.05861,9.811323
1755074337506,-0.080043,0.059185,9.821811
1755074337508,-0.075762,0.072008,9.805549
1755074337510,-0.085521,0.073808,9.805711
1755074337512,-0.074096,0.084573,9.806564
1755074337515,-0.068896,0.084525,9.830544
1755074337517,-0.062307,0.0774,9.821514
1755074337518,-0.065908,0.073464,9.815251
1755074337520,-0.073377,0.076423,9.828322
1755074337522,-0.088662,0.074239,9.829663
1755074337524,-0.093336,0.075274,9.821886
1755074337526,-0.082906,0.070054,9.807464
1755074337528,-0.073349,0.069307,9.806957
1755074337530,-0.059127,0.07468,9.811228
1755074337532,-0.066425,0.076088,9.799717
1755074337534,-0.065716,0.074555,9.801277
1755074337536,-0.069863,0.08577,9.804438
1755074337538,-0.048372,0.076595,9.801967
1755074337540,-0.04842,0.077697,9.80777
1755074337542,-0.061502,0.072286,9.811084
1755074337544,-0.05929,0.068532,9.836405
1755074337546,-0.072468,0.058447,9.847371
1755074337549,-0.065821,0.067775,9.841347
1755074337550,-0.066942,0.076365,9.824933
1755074337552,-0.072812,0.052289,9.814638
1755074337554,-0.077706,0.052462,9.815231
1755074337556,-0.084439,0.066808,9.831167
1755074337558,-0.081575,0.060152,9.821465
1755074337560,-0.071711,0.067143,9.828283
1755074337562,-0.081575,0.058974,9.834002
1755074337564,-0.063255,0.04797,9.827317
1755074337566,-0.080934,0.051207,9.813909
