1755402808888,0.272782,0.001795,9.889536
1755402808890,0.27996,-0.014955,9.877572
1755402808891,0.275175,-0.036491,9.860822
1755402808892,0.253639,-0.002991,9.879965
1755402808893,0.289532,-0.026919,9.889536
1755402808894,0.244068,-0.007777,9.908679
1755402808895,0.289532,-0.043669,9.891929
1755402808896,0.27996,-0.017348,9.908679
1755402808897,0.315853,-0.022134,9.872787
1755402808898,0.291924,-0.007777,9.868001
1755402808899,0.284746,-0.010169,9.889536
1755402808900,0.277567,0.00658,9.894321
1755402808900,0.267996,-0.024526,9.872787
1755402808901,0.272782,-0.026919,9.868001
1755402808903,0.299103,-0.005384,9.882358
1755402808904,0.306281,-0.010169,9.877572
1755402808904,0.29671,-0.026919,9.865608
1755402808904,0.294317,-0.002991,9.875179
1755402808905,0.287139,-0.017348,9.896714
1755402808905,0.31346,-0.010169,9.88475
1755402808905,0.301496,-0.024526,9.875179
1755402808906,0.263211,-0.024526,9.875179
1755402808906,0.291924,-0.026919,9.882358
1755402808906,0.306281,-0.031705,9.903893
1755402808907,0.275175,-0.026919,9.879965
1755402808907,0.306281,-0.029312,9.870394
1755402808907,0.277567,-0.005384,9.882358
1755402808908,0.275175,-0.017348,9.913465
1755402808908,0.263211,-0.007777,9.887143
1755402808908,0.282353,-0.038883,9.894321
1755402808909,0.33021,-0.038883,9.860822
1755402808909,0.284746,-0.034098,9.872787
1755402808909,0.260818,-0.012562,9.875179
1755402808910,0.299103,-0.012562,9.868001
1755402808910,0.291924,-0.024526,9.906285
1755402808910,0.282353,-0.031705,9.872787
1755402808911,0.282353,-0.012562,9.9015
1755402808911,0.306281,-0.010169,9.9015
1755402808911,0.294317,-0.000598,9.875179
1755402808912,0.272782,-0.012562,9.877572
1755402808912,0.253639,-0.024526,9.879965
1755402808913,0.291924,-0.022134,9.879965
1755402808913,0.284746,-0.012562,9.870394
1755402808913,0.265603,-0.000598,9.882358
1755402808914,0.241675,0.016152,9.848858
1755402808914,0.287139,-0.017348,9.865608
1755402808914,0.267996,-0.029312,9.877572
1755402808915,0.265603,-0.043669,9.868001
1755402808917,0.270389,0.004187,9.877572
1755402808920,0.272782,-0.036491,9.891929
1755402808921,0.284746,-0.000598,9.889536
1755402808923,0.29671,-0.022134,9.887143
1755402808925,0.270389,-0.024526,9.899107
1755402808928,0.303888,0.00658,9.88475
1755402808930,0.272782,-0.012562,9.868001
1755402808933,0.27996,-0.012562,9.868001
1755402808935,0.29671,-0.002991,9.865608
1755402808938,0.275175,-0.007777,9.882358
1755402808940,0.291924,-0.017348,9.903893
1755402808942,0.267996,-0.041276,9.88475
1755402808945,0.275175,-0.038883,9.851251
1755402808947,0.241675,-0.029312,9.875179
1755402808951,0.275175,0.004187,9.879965
1755402808952,0.251246,0.001795,9.887143
1755402808954,0.287139,-0.029312,9.889536
1755402808956,0.291924,-0.017348,9.899107
1755402808959,0.253639,-0.034098,9.882358
1755402808961,0.272782,-0.010169,9.865608
1755402808964,0.311067,-0.026919,9.872787
1755402808967,0.284746,-0.012562,9.882358
1755402808979,0.301496,-0.034098,9.865608
1755402808982,0.282353,-0.017348,9.877572
1755402808983,0.267996,-0.007777,9.865608
1755402808984,0.270389,-0.026919,9.865608
1755402808984,0.246461,-0.036491,9.882358
1755402808984,0.272782,-0.036491,9.865608
1755402808985,0.29671,-0.029312,9.853643
1755402808986,0.272782,-0.031705,9.877572
1755402808988,0.291924,-0.007777,9.908679
1755402808990,0.287139,-0.019741,9.906285
1755402808992,0.270389,-0.007777,9.9015
1755402808995,0.308674,-0.010169,9.896714
1755402808997,0.289532,-0.005384,9.879965
1755402809000,0.267996,0.004187,9.891929
1755402809003,0.270389,-0.026919,9.887143
1755402809005,0.277567,-0.043669,9.875179
1755402809007,0.272782,-0.058026,9.899107
1755402809010,0.270389,-0.046062,9.899107
1755402809012,0.277567,-0.038883,9.879965
1755402809014,0.272782,-0.034098,9.882358
1755402809016,0.270389,-0.024526,9.875179
1755402809022,0.337388,-0.036491,9.875179
1755402809024,0.27996,-0.031705,9.870394
1755402809025,0.253639,-0.014955,9.872787
1755402809026,0.275175,-0.019741,9.872787
1755402809029,0.31346,-0.026919,9.872787
1755402809031,0.248854,-0.036491,9.894321
1755402809033,0.272782,-0.010169,9.9015
1755402809036,0.303888,-0.007777,9.865608
1755402809038,0.318245,-0.002991,9.882358
1755402809040,0.277567,-0.034098,9.889536
1755402809043,0.308674,-0.022134,9.879965
1755402809045,0.270389,-0.029312,9.863214
1755402809048,0.246461,-0.026919,9.879965
1755402809050,0.287139,-0.002991,9.88475
1755402809053,0.272782,0.020937,9.88475
1755402809057,0.256032,-0.007777,9.882358
1755402809059,0.284746,-0.007777,9.891929
1755402809060,0.277567,-0.024526,9.88475
1755402809062,0.260818,-0.014955,9.88475
1755402809064,0.275175,-0.002991,9.875179
1755402809067,0.275175,-0.000598,9.887143
1755402809070,0.239282,-0.022134,9.889536
1755402809072,0.244068,-0.014955,9.891929
1755402809075,0.282353,-0.007777,9.88475
1755402809076,0.291924,-0.036491,9.894321
1755402809079,0.260818,-0.026919,9.894321
1755402809081,0.287139,-0.024526,9.911072
1755402809083,0.29671,-0.026919,9.899107
1755402809086,0.291924,-0.007777,9.891929
1755402809088,0.311067,-0.031705,9.9015
1755402809091,0.284746,-0.014955,9.879965
1755402809093,0.299103,-0.019741,9.88475
1755402809096,0.282353,-0.022134,9.875179
1755402809098,0.289532,-0.014955,9.860822
1755402809100,0.301496,-0.022134,9.882358
1755402809104,0.248854,-0.005384,9.896714
1755402809106,0.265603,-0.005384,9.870394
1755402809108,0.272782,-0.014955,9.88475
1755402809110,0.260818,-0.031705,9.879965
1755402809113,0.287139,-0.017348,9.88475
1755402809115,0.272782,-0.041276,9.887143
1755402809117,0.282353,-0.026919,9.879965
1755402809121,0.29671,-0.017348,9.88475
1755402809124,0.256032,0.004187,9.877572
1755402809125,0.284746,-0.012562,9.879965
1755402809127,0.291924,-0.017348,9.870394
1755402809129,0.308674,-0.017348,9.870394
1755402809132,0.260818,-0.031705,9.887143
1755402809134,0.272782,-0.026919,9.894321
1755402809138,0.277567,-0.000598,9.875179
1755402809139,0.311067,-0.005384,9.88475
1755402809142,0.29671,-0.024526,9.9015
1755402809143,0.318245,-0.005384,9.872787
1755402809146,0.291924,-0.019741,9.889536
1755402809148,0.260818,-0.031705,9.879965
1755402809151,0.256032,-0.041276,9.875179
1755402809155,0.267996,-0.026919,9.887143
1755402809156,0.241675,-0.031705,9.879965
1755402809159,0.265603,-0.029312,9.879965
1755402809160,0.272782,-0.017348,9.858429
1755402809163,0.277567,-0.010169,9.891929
1755402809165,0.277567,-0.043669,9.896714
1755402809167,0.258425,0.011366,9.882358
1755402809172,0.291924,-0.022134,9.896714
1755402809174,0.27996,-0.007777,9.870394
1755402809175,0.265603,-0.017348,9.868001
1755402809177,0.253639,0.008973,9.865608
1755402809180,0.294317,-0.026919,9.879965
1755402809182,0.275175,-0.024526,9.889536
1755402809185,0.303888,-0.043669,9.88475
1755402809187,0.289532,-0.043669,9.891929
1755402809189,0.282353,-0.046062,9.9015
1755402809191,0.282353,-0.002991,9.865608
1755402809194,0.27996,-0.007777,9.875179
1755402809196,0.282353,-0.024526,9.870394
1755402809198,0.323031,-0.005384,9.877572
1755402809201,0.29671,0.00658,9.875179
1755402809203,0.282353,-0.017348,9.891929
1755402809206,0.234497,-0.036491,9.877572
1755402809208,0.270389,-0.022134,9.903893
1755402809211,0.299103,-0.036491,9.887143
1755402809214,0.246461,-0.014955,9.906285
1755402809215,0.260818,-0.007777,9.887143
1755402809218,0.270389,-0.05324,9.887143
1755402809220,0.289532,-0.022134,9.894321
1755402809223,0.270389,-0.058026,9.887143
1755402809226,0.258425,-0.038883,9.891929
1755402809228,0.291924,-0.048455,9.882358
1755402809230,0.291924,-0.029312,9.894321
1755402809232,0.291924,-0.024526,9.882358
1755402809235,0.287139,-0.036491,9.88475
1755402809237,0.291924,0.001795,9.88475
1755402809240,0.251246,0.004187,9.882358
1755402809242,0.239282,-0.010169,9.906285
1755402809244,0.27996,-0.010169,9.894321
1755402809247,0.294317,-0.022134,9.865608
1755402809249,0.291924,-0.022134,9.868001
1755402809251,0.260818,0.001795,9.88475
1755402809254,0.248854,-0.019741,9.896714
1755402809257,0.282353,-0.010169,9.887143
1755402809259,0.277567,-0.019741,9.875179
1755402809263,0.306281,-0.029312,9.879965
1755402809264,0.306281,-0.019741,9.875179
1755402809266,0.284746,-0.012562,9.875179
1755402809268,0.263211,-0.012562,9.875179
1755402809271,0.282353,-0.007777,9.879965
1755402809274,0.260818,-0.022134,9.894321
1755402809278,0.287139,-0.024526,9.894321
1755402809279,0.287139,-0.031705,9.891929
1755402809280,0.29671,-0.024526,9.887143
1755402809282,0.265603,-0.024526,9.906285
1755402809285,0.263211,-0.007777,9.887143
1755402809287,0.263211,-0.005384,9.9015
1755402809291,0.256032,-0.036491,9.896714
1755402809293,0.260818,-0.065204,9.887143
1755402809295,0.272782,-0.048455,9.879965
1755402809297,0.287139,-0.026919,9.860822
1755402809299,0.270389,-0.05324,9.88475
1755402809302,0.282353,-0.048455,9.894321
1755402809304,0.253639,-0.036491,9.88475
1755402809308,0.272782,-0.005384,9.903893
1755402809309,0.27996,-0.010169,9.882358
1755402809311,0.275175,-0.026919,9.844072
1755402809314,0.294317,-0.002991,9.868001
1755402809316,0.277567,-0.026919,9.88475
1755402809319,0.284746,-0.022134,9.860822
1755402809321,0.291924,-0.005384,9.887143
1755402809324,0.284746,-0.000598,9.894321
1755402809327,0.260818,-0.024526,9.879965
1755402809328,0.308674,-0.036491,9.882358
1755402809330,0.263211,-0.014955,9.9015
1755402809333,0.265603,-0.014955,9.887143
1755402809336,0.299103,-0.019741,9.88475
1755402809337,0.267996,-0.014955,9.870394
1755402809340,0.284746,-0.029312,9.875179
1755402809343,0.258425,-0.029312,9.872787
1755402809345,0.284746,-0.017348,9.899107
1755402809347,0.272782,0.001795,9.894321
1755402809349,0.27996,-0.043669,9.9015
1755402809352,0.267996,-0.012562,9.889536
1755402809354,0.267996,-0.007777,9.896714
1755402809357,0.270389,-0.017348,9.891929
1755402809359,0.306281,-0.019741,9.894321
1755402809362,0.260818,0.018544,9.879965
1755402809364,0.256032,-0.029312,9.882358
1755402809366,0.272782,-0.010169,9.853643
1755402809369,0.287139,-0.014955,9.868001
1755402809371,0.267996,-0.036491,9.899107
1755402809373,0.275175,-0.007777,9.872787
1755402809378,0.284746,-0.000598,9.872787
1755402809380,0.282353,0.008973,9.853643
1755402809382,0.246461,-0.038883,9.865608
1755402809383,0.251246,-0.022134,9.899107
1755402809386,0.27996,-0.034098,9.882358
1755402809388,0.275175,-0.000598,9.872787
1755402809390,0.260818,-0.031705,9.853643
1755402809393,0.284746,-0.036491,9.879965
1755402809395,0.282353,-0.022134,9.877572
1755402809398,0.284746,-0.024526,9.9015
1755402809400,0.282353,-0.010169,9.887143
1755402809402,0.272782,-0.007777,9.848858
1755402809404,0.27996,-0.017348,9.882358
1755402809407,0.303888,-0.046062,9.894321
1755402809410,0.29671,-0.034098,9.872787
1755402809412,0.294317,-0.017348,9.868001
1755402809414,0.277567,0.004187,9.872787
1755402809417,0.306281,0.020937,9.879965
1755402809419,0.282353,-0.005384,9.877572
1755402809421,0.241675,-0.010169,9.889536
1755402809424,0.289532,-0.019741,9.872787
1755402809427,0.27996,-0.010169,9.9015
1755402809429,0.263211,-0.031705,9.88475
1755402809431,0.277567,-0.012562,9.879965
1755402809433,0.287139,-0.026919,9.879965
1755402809436,0.277567,-0.029312,9.870394
1755402809438,0.246461,-0.026919,9.9015
1755402809440,0.275175,-0.031705,9.875179
1755402809443,0.258425,-0.034098,9.891929
1755402809446,0.263211,-0.010169,9.877572
1755402809448,0.265603,-0.019741,9.879965
1755402809450,0.287139,-0.014955,9.868001
1755402809453,0.267996,-0.034098,9.88475
1755402809455,0.270389,-0.031705,9.860822
1755402809458,0.260818,-0.031705,9.913465
1755402809460,0.289532,0.00658,9.868001
1755402809463,0.291924,-0.000598,9.896714
1755402809465,0.267996,-0.014955,9.844072
1755402809467,0.287139,-0.034098,9.9015
1755402809470,0.260818,-0.024526,9.872787
1755402809472,0.303888,-0.014955,9.879965
1755402809474,0.291924,-0.031705,9.863214
1755402809477,0.265603,-0.036491,9.908679
1755402809481,0.272782,-0.012562,9.860822
1755402809482,0.239282,-0.041276,9.9015
1755402809485,0.289532,-0.041276,9.851251
1755402809486,0.263211,-0.024526,9.906285
1755402809488,0.277567,-0.007777,9.844072
1755402809491,0.289532,-0.026919,9.889536
1755402809495,0.29671,-0.029312,9.858429
1755402809500,0.244068,-0.017348,9.906285
1755402809501,0.263211,-0.014955,9.832108
1755402809502,0.258425,-0.026919,9.887143
1755402809503,0.27996,-0.046062,9.832108
1755402809506,0.256032,-0.041276,9.911072
1755402809507,0.289532,-0.036491,9.863214
1755402809510,0.260818,-0.041276,9.91825
1755402809513,0.29671,-0.031705,9.848858
1755402809515,0.246461,-0.014955,9.932607
1755402809517,0.33021,0.001795,9.839287
1755402809520,0.265603,-0.024526,9.927821
1755402809522,0.306281,-0.007777,9.798609
1755402809524,0.258425,-0.046062,9.961619
1755402809527,0.299103,-0.007777,9.803394
1755402809530,0.251246,-0.014955,9.985548
1755402809532,0.29671,-0.002991,9.796216
1755402809534,0.244068,-0.043669,9.949656
1755402809537,0.291924,-0.026919,9.858429
1755402809539,0.282353,-0.038883,9.868001
1755402809541,0.277567,0.008973,9.942178
1755402809544,0.311067,0.00658,9.77468
1755402809546,0.236889,-0.050847,10.019048
1755402809549,0.299103,0.030508,9.765109
1755402809551,0.244068,-0.08674,9.987941
1755402809553,0.334995,0.008973,9.848858
1755402809556,0.284746,-0.029312,9.827323
1755402809558,0.232104,-0.043669,10.009477
1755402809560,0.320638,0.032901,9.772287
1755402809563,0.241675,-0.077169,9.954441
1755402809566,0.282353,0.013759,9.939785
1755402809568,0.299103,0.028116,9.755538
1755402809570,0.222533,-0.110668,9.980762
1755402809572,0.332602,0.037687,9.877572
1755402809575,0.267996,-0.017348,9.767502
1755402809577,0.263211,-0.08674,10.011869
1755402809580,0.358923,0.044865,9.899107
1755402809584,0.22014,0.001795,9.769895
1755402809586,0.270389,-0.125025,10.00469
1755402809589,0.339781,0.025723,9.927821
1755402809591,0.210568,-0.010169,9.741181
1755402809592,0.275175,-0.156132,9.937392
1755402809594,0.370888,0.018544,9.983155
1755402809596,0.227318,0.044865,9.769895
1755402809599,0.241675,-0.125025,9.877572
1755402809601,0.351745,-0.017348,10.028619
1755402809603,0.284746,0.109472,9.836894
1755402809606,0.222533,-0.065204,9.79143
1755402809608,0.337388,-0.122632,10.011869
1755402809611,0.294317,0.073579,9.911072
1755402809614,0.210568,0.016152,9.786645
1755402809616,0.306281,-0.153739,9.870394
1755402809618,0.315853,-0.019741,10.011869
1755402809621,0.212961,0.15015,9.865608
1755402809623,0.260818,-0.072383,9.755538
1755402809625,0.344566,-0.156132,9.939785
1755402809628,0.289532,0.0999,9.983155
1755402809631,0.224925,0.087936,9.767502
1755402809634,0.299103,-0.172881,9.84168
1755402809635,0.327817,-0.058026,10.023833
1755402809637,0.253639,0.15015,9.846465
1755402809639,0.22014,-0.046062,9.812965
1755402809643,0.380459,-0.127418,9.987941
1755402809645,0.306281,0.047258,9.870394
1755402809648,0.210568,0.00658,9.789038
1755402809650,0.332602,-0.125025,9.964012
1755402809651,0.325424,0.00658,9.913465
1755402809654,0.210568,0.032901,9.786645
1755402809656,0.256032,-0.105882,9.930214
1755402809659,0.363709,-0.012562,9.954441
1755402809661,0.200997,0.035294,9.741181
1755402809665,0.20339,-0.093918,9.913465
1755402809667,0.339781,-0.002991,9.911072
1755402809668,0.29671,-0.002991,9.805787
1755402809671,0.208176,-0.038883,9.889536
1755402809673,0.334995,0.00658,9.829716
1755402809675,0.241675,-0.038883,9.971191
1755402809678,0.299103,0.025723,9.932607
1755402809680,0.29671,0.020937,9.839287
1755402809683,0.232104,-0.062812,9.954441
1755402809687,0.351745,-0.038883,9.729217
1755402809688,0.246461,-0.096311,9.937392
1755402809690,0.325424,0.04008,9.829716
1755402809692,0.282353,0.004187,10.009477
1755402809695,0.301496,0.025723,9.858429
1755402809697,0.277567,-0.065204,9.810573
1755402809700,0.270389,-0.101097,9.860822
1755402809703,0.289532,-0.002991,9.903893
1755402809704,0.272782,0.078365,10.007083
1755402809707,0.301496,-0.014955,9.817751
1755402809709,0.234497,-0.132203,9.834501
1755402809711,0.301496,-0.060419,9.896714
1755402809714,0.234497,0.080758,9.949656
1755402809716,0.289532,-0.002991,9.812965
1755402809719,0.263211,-0.093918,9.879965
1755402809721,0.315853,-0.024526,9.932607
1755402809723,0.287139,0.05683,9.834501
1755402809726,0.301496,-0.041276,9.839287
1755402809728,0.275175,-0.058026,9.903893
1755402809730,0.265603,0.016152,9.88475
1755402809733,0.256032,-0.029312,9.817751
1755402809735,0.303888,-0.041276,9.97837
1755402809738,0.29671,0.030508,9.851251
1755402809740,0.248854,-0.007777,9.88475
1755402809743,0.325424,-0.062812,9.879965
1755402809745,0.332602,0.004187,9.930214
1755402809747,0.260818,0.011366,9.810573
1755402809750,0.251246,-0.072383,9.915857
1755402809752,0.327817,-0.036491,9.9015
1755402809755,0.263211,0.016152,9.832108
1755402809757,0.260818,-0.067597,9.877572
1755402809759,0.299103,-0.002991,9.88475
1755402809762,0.277567,0.008973,9.913465
1755402809764,0.234497,-0.031705,9.82493
1755402809767,0.308674,-0.06999,9.954441
1755402809769,0.284746,0.018544,9.84168
1755402809771,0.229711,-0.041276,9.877572
1755402809774,0.306281,-0.036491,9.894321
1755402809776,0.301496,0.004187,9.932607
1755402809778,0.258425,-0.022134,9.815358
1755402809781,0.289532,-0.055633,9.913465
1755402809788,0.303888,-0.026919,9.908679
1755402809790,0.263211,-0.024526,9.820144
1755402809791,0.299103,-0.089133,9.9015
1755402809792,0.299103,0.00658,9.851251
1755402809794,0.27996,-0.000598,9.899107
1755402809795,0.272782,-0.043669,9.863214
1755402809797,0.327817,-0.041276,9.956834
1755402809800,0.308674,0.018544,9.853643
1755402809802,0.241675,-0.038883,9.872787
1755402809806,0.29671,-0.038883,9.870394
1755402809808,0.263211,-0.002991,9.88475
1755402809809,0.284746,-0.017348,9.848858
1755402809812,0.260818,-0.024526,9.927821
1755402809814,0.325424,0.011366,9.879965
1755402809818,0.241675,-0.017348,9.848858
1755402809820,0.265603,-0.062812,9.91825
1755402809822,0.301496,0.011366,9.879965
1755402809824,0.294317,0.004187,9.891929
1755402809826,0.284746,-0.019741,9.872787
1755402809829,0.320638,-0.029312,9.911072
1755402809831,0.299103,0.00658,9.858429
1755402809835,0.253639,-0.043669,9.903893
1755402809836,0.27996,-0.034098,9.889536
1755402809838,0.282353,-0.019741,9.920643
1755402809841,0.248854,-0.041276,9.863214
1755402809843,0.294317,-0.055633,9.887143
1755402809845,0.287139,-0.022134,9.906285
1755402809848,0.256032,0.02333,9.891929
1755402809852,0.275175,-0.005384,9.856036
1755402809853,0.294317,-0.05324,9.903893
1755402809855,0.311067,-0.022134,9.887143
1755402809858,0.277567,0.030508,9.927821
1755402809860,0.287139,-0.022134,9.851251
1755402809862,0.277567,-0.038883,9.906285
1755402809865,0.308674,-0.026919,9.80818
1755402809869,0.256032,-0.017348,9.937392
1755402809871,0.311067,0.011366,9.853643
1755402809873,0.282353,-0.031705,9.906285
1755402809874,0.260818,-0.031705,9.853643
1755402809877,0.289532,-0.005384,9.88475
1755402809879,0.284746,-0.007777,9.911072
1755402809881,0.253639,-0.014955,9.858429
1755402809884,0.272782,-0.024526,9.88475
1755402809887,0.282353,-0.026919,9.863214
1755402809889,0.263211,-0.026919,9.896714
1755402809891,0.236889,-0.029312,9.872787
1755402809894,0.267996,-0.024526,9.896714
1755402809896,0.284746,-0.046062,9.894321
1755402809898,0.248854,-0.014955,9.891929
1755402809901,0.244068,-0.022134,9.865608
1755402809904,0.265603,-0.026919,9.877572
1755402809906,0.253639,-0.036491,9.853643
1755402809908,0.287139,-0.010169,9.88475
1755402809910,0.287139,-0.046062,9.872787
1755402809912,0.301496,-0.024526,9.879965
1755402809915,0.258425,-0.031705,9.882358
1755402809918,0.260818,-0.000598,9.875179
1755402809920,0.284746,-0.046062,9.879965
1755402809922,0.270389,-0.029312,9.870394
1755402809925,0.284746,-0.043669,9.899107
1755402809927,0.284746,-0.034098,9.879965
1755402809929,0.27996,-0.017348,9.882358
1755402809932,0.299103,-0.029312,9.894321
1755402809934,0.29671,-0.029312,9.896714
1755402809937,0.270389,-0.017348,9.891929
1755402809942,0.277567,0.004187,9.860822
1755402809944,0.260818,-0.014955,9.906285
1755402809945,0.284746,-0.024526,9.891929
1755402809946,0.291924,-0.014955,9.894321
1755402809948,0.291924,-0.012562,9.891929
1755402809951,0.282353,-0.029312,9.894321
1755402809954,0.284746,-0.005384,9.896714
1755402809956,0.29671,-0.000598,9.875179
1755402809959,0.291924,-0.000598,9.870394
1755402809961,0.282353,-0.010169,9.891929
1755402809963,0.246461,-0.036491,9.882358
1755402809965,0.248854,-0.041276,9.877572
1755402809968,0.267996,-0.007777,9.894321
1755402809970,0.282353,-0.026919,9.891929
1755402809973,0.270389,-0.007777,9.870394
1755402809975,0.260818,0.018544,9.889536
1755402809977,0.275175,-0.010169,9.868001
1755402809980,0.275175,-0.05324,9.860822
1755402809982,0.277567,-0.022134,9.875179
1755402809985,0.267996,-0.014955,9.877572
1755402809987,0.284746,-0.019741,9.856036
1755402809989,0.267996,-0.014955,9.875179
1755402809992,0.275175,-0.010169,9.875179
1755402809995,0.270389,-0.062812,9.853643
1755402809997,0.284746,-0.014955,9.877572
1755402809999,0.253639,-0.017348,9.872787
1755402810001,0.275175,-0.026919,9.877572
1755402810004,0.258425,-0.007777,9.868001
1755402810006,0.277567,-0.012562,9.891929
1755402810009,0.270389,-0.005384,9.882358
1755402810011,0.265603,0.011366,9.868001
1755402810013,0.265603,-0.034098,9.906285
1755402810016,0.291924,-0.007777,9.894321
1755402810018,0.27996,-0.046062,9.882358
1755402810021,0.275175,-0.024526,9.877572
1755402810023,0.27996,-0.029312,9.875179
1755402810026,0.277567,-0.029312,9.877572
1755402810028,0.27996,-0.034098,9.887143
1755402810030,0.270389,-0.034098,9.891929
1755402810033,0.267996,-0.007777,9.894321
1755402810035,0.289532,-0.022134,9.88475
1755402810037,0.253639,-0.024526,9.863214
1755402810040,0.267996,-0.019741,9.863214
1755402810043,0.29671,-0.038883,9.851251
1755402810045,0.272782,-0.043669,9.865608
1755402810047,0.265603,-0.012562,9.882358
1755402810049,0.260818,-0.031705,9.879965
1755402810052,0.289532,-0.002991,9.894321
1755402810054,0.284746,-0.026919,9.891929
1755402810057,0.294317,-0.036491,9.875179
1755402810059,0.315853,-0.022134,9.891929
1755402810061,0.265603,-0.022134,9.88475
1755402810063,0.282353,-0.041276,9.870394
1755402810066,0.270389,0.001795,9.870394
1755402810069,0.263211,-0.007777,9.875179
1755402810071,0.315853,-0.029312,9.894321
1755402810074,0.29671,-0.012562,9.877572
1755402810076,0.29671,-0.026919,9.877572
1755402810078,0.253639,-0.055633,9.863214
1755402810080,0.301496,-0.026919,9.872787
1755402810083,0.272782,-0.024526,9.872787
1755402810086,0.275175,-0.046062,9.872787
1755402810087,0.27996,-0.002991,9.870394
1755402810090,0.287139,-0.041276,9.870394
1755402810092,0.275175,-0.019741,9.879965
1755402810095,0.287139,-0.031705,9.882358
1755402810098,0.33021,0.001795,9.889536
1755402810099,0.272782,-0.019741,9.863214
1755402810102,0.282353,-0.007777,9.868001
1755402810104,0.263211,0.001795,9.872787
1755402810108,0.299103,-0.005384,9.868001
1755402810111,0.260818,-0.017348,9.882358
1755402810112,0.277567,-0.034098,9.875179
1755402810114,0.291924,-0.010169,9.889536
1755402810116,0.282353,-0.034098,9.896714
1755402810119,0.287139,-0.022134,9.872787
1755402810121,0.301496,-0.034098,9.875179
1755402810124,0.29671,-0.026919,9.882358
1755402810127,0.263211,-0.014955,9.875179
1755402810128,0.241675,-0.005384,9.879965
1755402810131,0.275175,-0.014955,9.872787
1755402810133,0.275175,-0.034098,9.872787
1755402810136,0.29671,-0.041276,9.877572
1755402810138,0.267996,-0.019741,9.868001
1755402810141,0.270389,-0.036491,9.899107
1755402810143,0.299103,-0.024526,9.899107
1755402810145,0.263211,-0.019741,9.877572
1755402810147,0.27996,-0.024526,9.9015
1755402810150,0.303888,-0.024526,9.863214
1755402810152,0.303888,-0.024526,9.877572
1755402810154,0.31346,-0.012562,9.911072
1755402810157,0.284746,-0.017348,9.872787
1755402810159,0.244068,-0.002991,9.899107
1755402810162,0.27996,-0.029312,9.9015
1755402810164,0.270389,-0.017348,9.887143
1755402810167,0.258425,0.001795,9.882358
1755402810169,0.27996,-0.043669,9.858429
1755402810171,0.272782,-0.034098,9.860822
1755402810175,0.299103,-0.034098,9.882358
1755402810176,0.282353,-0.017348,9.9015
1755402810179,0.308674,-0.012562,9.894321
1755402810181,0.287139,-0.038883,9.879965
1755402810183,0.294317,-0.019741,9.870394
1755402810186,0.253639,-0.031705,9.891929
1755402810188,0.311067,-0.002991,9.882358
1755402810191,0.284746,0.004187,9.868001
1755402810195,0.258425,-0.038883,9.872787
1755402810196,0.291924,-0.048455,9.88475
1755402810198,0.291924,-0.005384,9.875179
1755402810200,0.284746,-0.014955,9.863214
1755402810203,0.277567,-0.007777,9.887143
1755402810205,0.306281,-0.031705,9.889536
1755402810209,0.265603,-0.002991,9.899107
1755402810210,0.308674,0.00658,9.870394
1755402810212,0.27996,-0.017348,9.877572
1755402810215,0.320638,-0.026919,9.894321
1755402810217,0.253639,-0.034098,9.887143
1755402810220,0.265603,-0.026919,9.879965
1755402810222,0.256032,-0.019741,9.875179
1755402810226,0.260818,-0.002991,9.872787
1755402810228,0.263211,0.013759,9.877572
1755402810229,0.299103,0.016152,9.860822
1755402810232,0.299103,-0.022134,9.875179
1755402810234,0.27996,-0.019741,9.882358
1755402810236,0.311067,-0.050847,9.882358
1755402810238,0.308674,-0.050847,9.870394
1755402810241,0.289532,-0.017348,9.889536
1755402810244,0.294317,-0.017348,9.877572
1755402810246,0.325424,0.004187,9.868001
1755402810250,0.282353,-0.031705,9.868001
1755402810251,0.301496,-0.029312,9.887143
1755402810253,0.318245,-0.031705,9.875179
1755402810255,0.284746,-0.031705,9.887143
1755402810258,0.27996,-0.019741,9.875179
1755402810260,0.284746,-0.029312,9.868001
1755402810263,0.289532,-0.010169,9.882358
1755402810265,0.248854,-0.022134,9.894321
1755402810267,0.270389,-0.024526,9.870394
1755402810270,0.263211,-0.017348,9.875179
1755402810272,0.282353,-0.022134,9.872787
1755402810274,0.251246,-0.019741,9.877572
1755402810277,0.282353,-0.022134,9.889536
1755402810279,0.27996,-0.029312,9.88475
1755402810282,0.239282,-0.031705,9.872787
1755402810284,0.270389,-0.007777,9.896714
1755402810287,0.287139,-0.000598,9.887143
1755402810289,0.291924,-0.043669,9.853643
1755402810291,0.284746,-0.031705,9.875179
1755402810294,0.272782,-0.043669,9.887143
1755402810297,0.27996,0.001795,9.868001
1755402810299,0.258425,-0.022134,9.872787
1755402810301,0.275175,-0.014955,9.877572
1755402810304,0.291924,-0.014955,9.879965
1755402810305,0.246461,-0.000598,9.870394
1755402810308,0.260818,-0.002991,9.84168
1755402810313,0.267996,-0.043669,9.889536
1755402810315,0.287139,-0.007777,9.911072
1755402810316,0.29671,0.020937,9.875179
1755402810317,0.251246,-0.026919,9.875179
1755402810321,0.27996,-0.019741,9.913465
1755402810322,0.272782,0.00658,9.872787
1755402810325,0.27996,-0.048455,9.863214
1755402810328,0.289532,-0.022134,9.9015
1755402810331,0.270389,-0.034098,9.858429
1755402810333,0.246461,-0.038883,9.870394
1755402810334,0.260818,-0.019741,9.860822
1755402810337,0.303888,-0.036491,9.88475
1755402810339,0.263211,-0.038883,9.911072
1755402810342,0.294317,-0.012562,9.846465
1755402810345,0.282353,-0.029312,9.932607
1755402810349,0.311067,-0.007777,9.889536
1755402810351,0.282353,-0.005384,9.889536
1755402810353,0.270389,-0.022134,9.870394
1755402810354,0.265603,-0.024526,9.870394
1755402810356,0.275175,-0.024526,9.932607
1755402810359,0.267996,-0.024526,9.879965
1755402810362,0.318245,-0.022134,9.870394
1755402810366,0.291924,-0.055633,9.872787
1755402810367,0.294317,-0.002991,9.896714
1755402810368,0.267996,-0.022134,9.875179
1755402810371,0.270389,-0.043669,9.877572
1755402810373,0.282353,0.011366,9.870394
1755402810375,0.263211,-0.007777,9.860822
1755402810379,0.251246,-0.019741,9.887143
1755402810383,0.265603,-0.019741,9.875179
1755402810384,0.29671,-0.026919,9.882358
1755402810385,0.294317,0.001795,9.887143
1755402810387,0.294317,-0.036491,9.868001
1755402810389,0.277567,-0.012562,9.879965
1755402810392,0.308674,-0.041276,9.877572
1755402810396,0.301496,-0.017348,9.887143
1755402810397,0.256032,-0.026919,9.887143
1755402810399,0.260818,-0.014955,9.88475
1755402810401,0.258425,0.00658,9.88475
1755402810405,0.270389,-0.017348,9.899107
1755402810407,0.284746,-0.019741,9.899107
1755402810409,0.282353,-0.024526,9.882358
1755402810412,0.27996,-0.041276,9.88475
1755402810415,0.287139,-0.007777,9.88475
1755402810416,0.270389,-0.048455,9.875179
1755402810418,0.289532,-0.012562,9.899107
1755402810421,0.272782,-0.005384,9.88475
1755402810423,0.263211,-0.062812,9.882358
1755402810426,0.272782,-0.048455,9.879965
1755402810428,0.263211,0.013759,9.865608
1755402810430,0.267996,-0.007777,9.879965
1755402810432,0.27996,-0.014955,9.88475
1755402810436,0.27996,-0.005384,9.870394
1755402810437,0.289532,-0.010169,9.88475
1755402810440,0.291924,-0.038883,9.887143
1755402810443,0.248854,-0.002991,9.894321
1755402810444,0.265603,-0.005384,9.848858
1755402810447,0.291924,-0.036491,9.934999
1755402810450,0.284746,-0.000598,9.906285
1755402810452,0.263211,-0.012562,9.832108
1755402810455,0.263211,-0.065204,9.846465
1755402810456,0.303888,-0.000598,9.851251
1755402810459,0.303888,-0.002991,9.853643
1755402810461,0.263211,-0.034098,9.896714
1755402810464,0.311067,0.018544,9.839287
1755402810466,0.253639,-0.060419,9.896714
1755402810468,0.284746,-0.007777,9.961619
1755402810471,0.287139,-0.012562,9.846465
1755402810474,0.246461,-0.034098,9.956834
1755402810476,0.303888,0.013759,9.817751
1755402810478,0.244068,-0.041276,9.91825
1755402810481,0.256032,-0.010169,9.915857
1755402810484,0.306281,0.004187,9.798609
1755402810486,0.260818,-0.038883,9.899107
1755402810488,0.315853,0.020937,9.846465
1755402810490,0.287139,-0.000598,9.913465
1755402810492,0.327817,-0.002991,9.911072
1755402810495,0.287139,-0.002991,9.853643
1755402810497,0.248854,-0.046062,9.923036
1755402810500,0.303888,-0.022134,9.848858
1755402810502,0.244068,-0.036491,9.868001
1755402810505,0.294317,-0.017348,9.865608
1755402810507,0.246461,0.004187,9.891929
1755402810510,0.267996,-0.043669,9.856036
1755402810512,0.315853,-0.031705,9.906285
1755402810515,0.303888,-0.026919,9.891929
1755402810518,0.284746,-0.002991,9.875179
1755402810519,0.308674,-0.024526,9.882358
1755402810521,0.275175,-0.026919,9.9015
1755402810524,0.301496,-0.029312,9.877572
1755402810526,0.320638,-0.012562,9.870394
1755402810529,0.244068,-0.031705,9.868001
1755402810532,0.239282,-0.060419,9.882358
1755402810534,0.31346,-0.058026,9.870394
1755402810536,0.248854,-0.010169,9.894321
1755402810538,0.315853,-0.014955,9.872787
1755402810540,0.315853,-0.031705,9.894321
1755402810543,0.263211,-0.036491,9.906285
1755402810545,0.260818,-0.019741,9.870394
1755402810548,0.277567,-0.019741,9.882358
1755402810550,0.241675,-0.024526,9.887143
1755402810552,0.275175,-0.022134,9.906285
1755402810555,0.256032,-0.002991,9.91825
1755402810558,0.303888,-0.031705,9.9015
1755402810560,0.291924,-0.019741,9.91825
1755402810562,0.299103,-0.019741,9.851251
1755402810565,0.311067,-0.014955,9.870394
1755402810567,0.272782,-0.029312,9.858429
1755402810569,0.277567,-0.012562,9.906285
1755402810572,0.253639,-0.026919,9.906285
1755402810574,0.27996,-0.031705,9.88475
1755402810576,0.289532,0.016152,9.875179
1755402810579,0.299103,-0.010169,9.887143
1755402810582,0.275175,-0.014955,9.894321
1755402810584,0.29671,-0.002991,9.882358
1755402810586,0.275175,-0.000598,9.868001
1755402810589,0.315853,-0.012562,9.868001
1755402810591,0.306281,-0.031705,9.894321
1755402810593,0.275175,-0.029312,9.870394
1755402810595,0.289532,-0.034098,9.899107
1755402810600,0.284746,-0.010169,9.870394
1755402810602,0.284746,-0.026919,9.908679
1755402810605,0.275175,-0.019741,9.889536
1755402810606,0.258425,-0.024526,9.879965
1755402810608,0.284746,0.001795,9.903893
1755402810611,0.318245,-0.026919,9.954441
1755402810612,0.272782,-0.019741,9.875179
1755402810615,0.260818,-0.019741,9.868001
1755402810618,0.248854,-0.029312,9.920643
1755402810620,0.277567,-0.024526,9.865608
1755402810622,0.258425,0.001795,9.863214
1755402810624,0.282353,-0.017348,9.853643
1755402810627,0.289532,-0.007777,9.903893
1755402810629,0.294317,0.011366,9.879965
1755402810631,0.265603,-0.031705,9.882358
1755402810634,0.253639,0.016152,9.891929
1755402810637,0.265603,-0.017348,9.875179
1755402810639,0.241675,-0.034098,9.88475
1755402810641,0.277567,-0.031705,9.887143
1755402810644,0.308674,-0.012562,9.887143
1755402810646,0.275175,-0.024526,9.891929
1755402810648,0.270389,-0.005384,9.882358
1755402810651,0.299103,-0.019741,9.879965
1755402810654,0.282353,-0.022134,9.882358
1755402810656,0.27996,-0.046062,9.872787
1755402810658,0.251246,-0.048455,9.887143
1755402810660,0.294317,-0.019741,9.915857
1755402810663,0.260818,0.018544,9.781859
1755402810665,0.234497,-0.024526,10.011869
1755402810668,0.303888,0.02333,9.810573
1755402810670,0.260818,-0.050847,9.875179
1755402810673,0.275175,-0.034098,9.975977
1755402810675,0.308674,0.028116,9.834501
1755402810677,0.258425,-0.067597,9.891929
1755402810680,0.308674,-0.043669,9.944571
1755402810682,0.282353,0.035294,9.786645
1755402810685,0.22014,-0.079561,9.877572
1755402810687,0.299103,-0.019741,9.932607
1755402810690,0.275175,0.035294,9.80818
1755402810691,0.171984,-0.074776,9.932607
1755402810694,0.311067,-0.002991,9.91825
1755402810696,0.265603,-0.007777,9.793823
1755402810699,0.222533,-0.081954,9.925428
1755402810705,0.311067,-0.000598,9.913465
1755402810706,0.270389,0.044865,9.82493
1755402810707,0.253639,-0.084347,9.968799
1755402810709,0.361316,-0.019741,9.829716
1755402810711,0.277567,-0.036491,9.829716
1755402810714,0.239282,-0.036491,9.971191
1755402810715,0.325424,0.035294,9.863214
1755402810718,0.227318,-0.058026,9.834501
1755402810721,0.244068,-0.041276,9.942178
1755402810723,0.275175,0.049651,9.820144
1755402810726,0.205783,-0.05324,9.88475
1755402810727,0.284746,-0.002991,9.920643
1755402810730,0.308674,0.032901,9.79143
1755402810732,0.234497,-0.058026,9.911072
1755402810736,0.325424,-0.014955,9.906285
1755402810738,0.284746,0.001795,9.827323
1755402810739,0.234497,-0.046062,9.954441
1755402810742,0.303888,0.018544,9.836894
1755402810744,0.299103,0.00658,9.820144
1755402810746,0.253639,-0.062812,9.952048
1755402810749,0.311067,0.035294,9.870394
1755402810753,0.246461,-0.012562,9.882358
1755402810755,0.291924,-0.029312,9.925428
1755402810757,0.323031,0.013759,9.844072
1755402810759,0.258425,-0.048455,9.930214
1755402810761,0.311067,-0.022134,9.872787
1755402810763,0.299103,0.00658,9.796216
1755402810766,0.282353,-0.043669,9.920643
1755402810768,0.334995,-0.005384,9.882358
1755402810771,0.275175,0.001795,9.834501
1755402810774,0.248854,-0.05324,9.923036
1755402810775,0.303888,-0.014955,9.853643
1755402810778,0.258425,-0.055633,9.882358
1755402810780,0.253639,-0.022134,9.906285
1755402810782,0.277567,-0.002991,9.882358
1755402810785,0.282353,-0.031705,9.875179
1755402810787,0.287139,-0.029312,9.882358
1755402810790,0.301496,-0.065204,9.889536
1755402810792,0.29671,-0.000598,9.851251
1755402810795,0.303888,-0.014955,9.891929
1755402810797,0.291924,-0.024526,9.887143
1755402810799,0.289532,-0.010169,9.851251
1755402810804,0.284746,-0.031705,9.915857
1755402810805,0.265603,-0.055633,9.879965
1755402810807,0.265603,-0.041276,9.863214
1755402810809,0.275175,-0.034098,9.882358
1755402810811,0.272782,-0.000598,9.882358
1755402810814,0.265603,-0.019741,9.88475
1755402810816,0.270389,-0.005384,9.877572
1755402810818,0.267996,-0.031705,9.882358
1755402810821,0.289532,-0.034098,9.887143
1755402810824,0.291924,-0.026919,9.879965
1755402810826,0.246461,-0.002991,9.879965
1755402810828,0.265603,-0.014955,9.896714
1755402810831,0.277567,-0.034098,9.860822
1755402810833,0.27996,-0.031705,9.896714
1755402810835,0.277567,-0.010169,9.877572
1755402810838,0.301496,0.004187,9.865608
1755402810840,0.29671,-0.029312,9.875179
1755402810844,0.294317,0.00658,9.879965
1755402810845,0.270389,-0.029312,9.875179
1755402810847,0.263211,-0.022134,9.906285
1755402810849,0.260818,-0.036491,9.9015
1755402810852,0.256032,-0.019741,9.88475
1755402810855,0.253639,-0.024526,9.879965
1755402810857,0.275175,-0.022134,9.899107
1755402810859,0.294317,-0.046062,9.887143
1755402810862,0.275175,-0.031705,9.894321
1755402810864,0.275175,-0.017348,9.903893
1755402810866,0.244068,-0.012562,9.889536
1755402810869,0.308674,0.008973,9.865608
1755402810873,0.291924,-0.010169,9.88475
1755402810874,0.294317,0.004187,9.9015
1755402810876,0.29671,-0.019741,9.88475
1755402810878,0.263211,-0.022134,9.896714
1755402810881,0.284746,-0.026919,9.872787
1755402810883,0.275175,0.016152,9.875179
1755402810886,0.303888,-0.024526,9.903893
1755402810889,0.275175,-0.041276,9.860822
1755402810891,0.27996,-0.026919,9.9015
1755402810893,0.275175,-0.031705,9.868001
1755402810895,0.294317,-0.041276,9.879965
1755402810898,0.272782,-0.038883,9.879965
1755402810900,0.301496,-0.026919,9.858429
1755402810903,0.267996,-0.019741,9.891929
1755402810906,0.284746,-0.026919,9.877572
1755402810908,0.291924,-0.026919,9.88475
1755402810910,0.301496,-0.019741,9.899107
1755402810912,0.256032,-0.012562,9.868001
1755402810915,0.277567,-0.029312,9.872787
1755402810917,0.308674,-0.000598,9.915857
1755402810919,0.31346,-0.014955,9.856036
1755402810923,0.294317,-0.043669,9.88475
1755402810926,0.294317,-0.026919,9.856036
1755402810927,0.315853,-0.007777,9.9015
1755402810929,0.33021,-0.005384,9.827323
1755402810931,0.275175,-0.019741,9.913465
1755402810933,0.294317,-0.022134,9.882358
1755402810936,0.306281,-0.034098,9.875179
1755402810940,0.267996,-0.012562,9.860822
1755402810942,0.267996,-0.031705,9.911072
1755402810944,0.275175,-0.005384,9.848858
1755402810945,0.227318,-0.041276,9.911072
1755402810948,0.27996,-0.026919,9.863214
1755402810950,0.282353,-0.026919,9.88475
1755402810953,0.256032,0.001795,9.851251
1755402810955,0.265603,-0.010169,9.879965
1755402810958,0.267996,-0.022134,9.879965
1755402810960,0.267996,-0.067597,9.896714
1755402810962,0.308674,-0.019741,9.856036
1755402810965,0.287139,-0.026919,9.9015
1755402810967,0.256032,-0.024526,9.858429
1755402810969,0.260818,-0.026919,9.860822
1755402810972,0.287139,0.011366,9.894321
1755402810974,0.294317,-0.038883,9.863214
1755402810977,0.294317,-0.019741,9.848858
1755402810979,0.270389,-0.010169,9.839287
1755402810982,0.315853,-0.014955,9.959227
1755402810984,0.272782,-0.038883,9.889536
1755402810986,0.299103,-0.031705,9.872787
1755402810988,0.277567,-0.034098,9.836894
1755402810991,0.267996,-0.005384,9.908679
1755402810994,0.27996,-0.000598,9.930214
1755402810996,0.258425,-0.046062,9.77468
1755402810998,0.303888,-0.065204,9.942178
1755402811000,0.277567,0.018544,9.805787
1755402811003,0.251246,-0.058026,9.875179
1755402811006,0.291924,-0.060419,9.97837
1755402811008,0.289532,0.030508,9.812965
1755402811010,0.234497,-0.072383,9.848858
1755402811013,0.265603,-0.043669,9.980762
1755402811015,0.287139,0.008973,10.009477
1755402811017,0.270389,-0.031705,9.707682
1755402811020,0.299103,-0.043669,9.908679
1755402811022,0.315853,-0.000598,9.779466
1755402811025,0.241675,-0.058026,10.107582
1755402811027,0.27996,-0.034098,9.817751
1755402811030,0.299103,-0.058026,9.829716
1755402811032,0.275175,-0.026919,9.868001
1755402811034,0.289532,-0.019741,9.889536
1755402811036,0.260818,-0.048455,9.971191
1755402811039,0.294317,-0.014955,9.894321
1755402811043,0.241675,-0.050847,9.779466
1755402811044,0.27996,-0.036491,9.889536
1755402811047,0.27996,-0.005384,9.834501
1755402811048,0.253639,-0.041276,9.915857
1755402811051,0.308674,0.013759,9.875179
1755402811054,0.251246,-0.038883,9.88475
1755402811056,0.27996,-0.000598,9.872787
1755402811059,0.277567,-0.010169,9.79143
1755402811060,0.222533,-0.007777,10.007083
1755402811063,0.31346,0.030508,9.707682
1755402811065,0.251246,-0.026919,10.069297
1755402811068,0.308674,-0.007777,9.817751
1755402811070,0.289532,-0.014955,9.834501
1755402811073,0.272782,-0.031705,9.896714
1755402811076,0.31346,-0.005384,9.923036
1755402811078,0.282353,-0.043669,9.91825
1755402811080,0.29671,0.008973,9.848858
1755402811082,0.239282,-0.005384,9.810573
1755402811084,0.244068,-0.026919,9.987941
1755402811087,0.320638,0.008973,9.741181
1755402811089,0.234497,-0.062812,10.045368
1755402811092,0.294317,-0.005384,9.84168
1755402811094,0.294317,-0.041276,9.879965
1755402811096,0.277567,-0.06999,9.9015
1755402811099,0.291924,0.018544,9.817751
1755402811101,0.229711,-0.055633,9.894321
1755402811103,0.251246,-0.012562,9.839287
1755402811106,0.258425,-0.022134,9.836894
1755402811110,0.282353,-0.038883,9.997512
1755402811111,0.291924,0.008973,9.889536
1755402811114,0.272782,-0.014955,9.891929
1755402811115,0.294317,0.037687,9.870394
1755402811118,0.299103,-0.022134,9.798609
1755402811121,0.234497,-0.034098,10.014262
1755402811123,0.306281,0.025723,9.822537
1755402811127,0.239282,-0.041276,9.839287
1755402811128,0.272782,-0.026919,9.863214
1755402811130,0.303888,0.011366,9.891929
1755402811133,0.215354,-0.058026,9.954441
1755402811135,0.308674,0.00658,9.856036
1755402811137,0.265603,-0.026919,9.79143
1755402811139,0.227318,-0.048455,9.975977
1755402811144,0.320638,0.013759,9.891929
1755402811146,0.224925,-0.065204,9.903893
1755402811148,0.289532,-0.031705,9.9015
1755402811150,0.299103,-0.022134,9.755538
1755402811151,0.227318,-0.06999,10.009477
1755402811154,0.308674,0.011366,9.815358
1755402811156,0.263211,-0.038883,9.832108
1755402811159,0.267996,-0.022134,9.872787
1755402811162,0.323031,-0.017348,9.832108
1755402811164,0.241675,-0.055633,9.971191
1755402811166,0.315853,-0.005384,9.879965
1755402811169,0.291924,-0.029312,9.856036
1755402811171,0.272782,0.001795,9.932607
1755402811173,0.325424,-0.024526,9.810573
1755402811176,0.248854,-0.046062,9.987941
1755402811178,0.291924,0.032901,9.805787
1755402811181,0.267996,-0.026919,9.877572
1755402811183,0.287139,-0.024526,9.889536
1755402811186,0.308674,0.00658,9.820144
1755402811187,0.239282,-0.048455,9.925428
1755402811190,0.27996,0.001795,9.887143
1755402811193,0.236889,-0.055633,9.848858
1755402811195,0.258425,-0.005384,9.966406
1755402811198,0.358923,0.00658,9.848858
1755402811200,0.253639,-0.029312,9.959227
1755402811202,0.31346,-0.005384,9.879965
1755402811204,0.311067,-0.022134,9.827323
1755402811207,0.258425,-0.036491,9.942178
1755402811209,0.318245,-0.000598,9.832108
1755402811212,0.222533,-0.058026,9.915857
1755402811214,0.275175,-0.022134,9.846465
1755402811216,0.284746,-0.036491,9.84168
1755402811218,0.256032,-0.038883,9.930214
1755402811221,0.291924,-0.012562,9.853643
1755402811224,0.282353,-0.043669,9.875179
1755402811226,0.267996,-0.007777,9.870394
1755402811229,0.282353,0.00658,9.870394
1755402811230,0.272782,-0.022134,9.903893
1755402811233,0.303888,-0.024526,9.858429
1755402811235,0.275175,-0.038883,9.889536
1755402811237,0.260818,-0.038883,9.877572
1755402811240,0.282353,-0.048455,9.911072
1755402811243,0.277567,-0.024526,9.88475
1755402811245,0.318245,-0.050847,9.872787
1755402811247,0.306281,0.004187,9.879965
1755402811251,0.306281,-0.005384,9.84168
1755402811252,0.263211,-0.014955,9.9015
1755402811254,0.267996,-0.012562,9.865608
1755402811257,0.27996,-0.012562,9.91825
1755402811260,0.303888,-0.022134,9.856036
1755402811263,0.282353,-0.046062,9.927821
1755402811264,0.291924,-0.010169,9.923036
1755402811268,0.287139,-0.031705,9.889536
1755402811269,0.339781,-0.06999,9.908679
1755402811271,0.291924,-0.014955,9.769895
1755402811273,0.17677,-0.000598,9.812965
1755402811276,0.246461,-0.024526,9.920643
1755402811280,0.29671,-0.012562,9.911072
1755402811281,0.232104,-0.012562,9.858429
1755402811283,0.287139,-0.038883,9.997512
1755402811285,0.275175,-0.026919,9.88475
1755402811288,0.246461,-0.029312,9.868001
1755402811291,0.272782,-0.029312,9.879965
1755402811293,0.27996,-0.000598,9.964012
1755402811295,0.287139,-0.002991,9.939785
1755402811298,0.251246,-0.005384,9.887143
1755402811300,0.287139,-0.029312,9.906285
1755402811302,0.253639,-0.036491,9.870394
1755402811305,0.270389,-0.031705,9.856036
1755402811307,0.260818,-0.002991,9.863214
1755402811310,0.284746,-0.034098,9.836894
1755402811312,0.253639,-0.043669,9.848858
1755402811315,0.258425,0.004187,9.870394
1755402811317,0.270389,-0.000598,9.863214
1755402811319,0.277567,-0.002991,9.908679
1755402811321,0.299103,-0.031705,9.879965
1755402811324,0.256032,-0.026919,9.894321
1755402811327,0.27996,-0.017348,9.882358
1755402811329,0.287139,-0.012562,9.911072
1755402811331,0.267996,-0.010169,9.882358
1755402811333,0.263211,-0.024526,9.887143
1755402811336,0.277567,-0.029312,9.868001
1755402811338,0.256032,-0.000598,9.894321
1755402811341,0.260818,-0.014955,9.908679
1755402811343,0.282353,-0.000598,9.868001
1755402811345,0.267996,-0.024526,9.868001
1755402811348,0.318245,-0.022134,9.856036
1755402811350,0.294317,-0.000598,9.990334
1755402811352,0.306281,0.001795,9.930214
1755402811355,0.241675,-0.026919,9.801002
1755402811357,0.267996,-0.096311,9.82493
1755402811360,0.27996,-0.010169,9.853643
1755402811362,0.265603,-0.012562,9.930214
1755402811364,0.256032,0.013759,9.956834
1755402811367,0.31346,-0.012562,9.777073
1755402811369,0.229711,-0.041276,9.927821
1755402811372,0.308674,0.00658,9.815358
1755402811374,0.267996,-0.055633,9.903893
1755402811377,0.308674,-0.007777,9.891929
1755402811379,0.284746,-0.055633,9.899107
1755402811381,0.291924,-0.050847,9.932607
1755402811385,0.29671,-0.000598,9.827323
1755402811386,0.236889,-0.002991,9.942178
1755402811389,0.29671,0.004187,9.789038
1755402811391,0.253639,-0.050847,9.844072
1755402811394,0.33021,-0.046062,9.815358
1755402811396,0.277567,-0.055633,9.927821
1755402811399,0.294317,0.04008,9.934999
1755402811401,0.236889,0.001795,9.894321
1755402811403,0.232104,-0.002991,9.903893
1755402811405,0.284746,-0.002991,9.860822
1755402811408,0.251246,-0.010169,9.925428
1755402811410,0.277567,-0.017348,9.765109
1755402811413,0.229711,-0.038883,9.983155
1755402811416,0.31346,0.001795,9.815358
1755402811418,0.258425,-0.055633,9.975977
1755402811420,0.275175,-0.036491,9.903893
1755402811422,0.260818,-0.029312,9.832108
1755402811424,0.263211,-0.046062,9.870394
1755402811427,0.303888,-0.002991,9.80818
1755402811430,0.239282,-0.031705,9.911072
1755402811433,0.277567,0.028116,9.947263
1755402811435,0.282353,0.016152,9.80818
1755402811437,0.291924,-0.048455,9.942178
1755402811439,0.311067,0.028116,9.875179
1755402811442,0.263211,-0.017348,9.91825
1755402811444,0.236889,0.001795,9.91825
1755402811446,0.282353,-0.019741,9.82493
1755402811449,0.234497,-0.014955,9.923036
1755402811451,0.301496,0.020937,9.851251
1755402811454,0.265603,-0.014955,9.88475
1755402811456,0.289532,-0.014955,9.915857
1755402811458,0.306281,0.008973,9.84168
1755402811461,0.260818,-0.022134,9.913465
1755402811463,0.287139,-0.024526,9.877572
1755402811466,0.29671,-0.000598,9.865608
1755402811468,0.236889,-0.050847,9.891929
1755402811470,0.289532,-0.014955,9.870394
1755402811472,0.282353,-0.010169,9.836894
1755402811475,0.244068,-0.048455,9.882358
1755402811477,0.275175,-0.038883,9.879965
1755402811480,0.31346,0.00658,9.870394
1755402811484,0.277567,-0.034098,9.853643
1755402811485,0.284746,0.004187,9.91825
1755402811488,0.282353,0.018544,9.887143
1755402811489,0.270389,-0.038883,9.846465
1755402811492,0.246461,-0.08674,9.868001
1755402811495,0.29671,-0.002991,9.908679
1755402811497,0.282353,0.054437,9.80818
1755402811499,0.260818,-0.050847,9.865608
1755402811501,0.320638,-0.077169,9.882358
1755402811503,0.287139,0.044865,10.033404
1755402811506,0.260818,0.059222,9.9015
1755402811508,0.289532,-0.036491,9.789038
1755402811511,0.277567,-0.110668,9.860822
1755402811513,0.248854,-0.002991,9.88475
1755402811515,0.263211,0.054437,9.983155
1755402811518,0.299103,-0.000598,9.863214
1755402811520,0.277567,-0.113061,9.812965
1755402811523,0.267996,-0.031705,9.915857
1755402811526,0.272782,0.102293,9.906285
1755402811528,0.270389,0.00658,9.851251
1755402811530,0.29671,-0.096311,9.848858
1755402811533,0.29671,-0.043669,9.887143
1755402811535,0.306281,0.047258,9.91825
1755402811537,0.275175,-0.002991,9.877572
1755402811540,0.270389,-0.055633,9.846465
1755402811543,0.229711,-0.031705,9.913465
1755402811544,0.291924,0.030508,9.875179
1755402811547,0.270389,-0.012562,9.844072
1755402811549,0.260818,-0.072383,9.868001
1755402811552,0.275175,-0.029312,9.879965
1755402811554,0.289532,0.001795,9.944571
1755402811556,0.239282,-0.024526,9.827323
1755402811559,0.282353,-0.05324,9.863214
1755402811561,0.291924,-0.012562,9.934999
1755402811563,0.277567,0.037687,9.863214
1755402811566,0.277567,0.00658,9.844072
1755402811569,0.306281,-0.062812,9.870394
1755402811571,0.284746,-0.026919,9.899107
1755402811573,0.258425,0.018544,9.865608
1755402811576,0.308674,-0.065204,9.872787
1755402811578,0.294317,-0.038883,9.891929
1755402811580,0.284746,-0.012562,9.860822
1755402811583,0.284746,-0.005384,9.853643
1755402811587,0.29671,-0.050847,9.908679
1755402811589,0.308674,-0.029312,9.870394
1755402811590,0.246461,-0.012562,9.827323
1755402811592,0.263211,-0.055633,9.906285
1755402811595,0.299103,0.00658,9.891929
1755402811597,0.265603,-0.012562,9.875179
1755402811600,0.282353,-0.055633,9.906285
1755402811603,0.301496,0.013759,9.872787
1755402811606,0.263211,-0.017348,9.903893
1755402811608,0.282353,-0.017348,9.868001
1755402811609,0.306281,-0.048455,9.896714
1755402811612,0.241675,-0.026919,9.865608
1755402811614,0.265603,-0.022134,9.879965
1755402811617,0.287139,-0.010169,9.872787
1755402811620,0.294317,-0.010169,9.88475
1755402811621,0.267996,-0.024526,9.887143
1755402811623,0.284746,-0.007777,9.863214
1755402811626,0.315853,-0.022134,9.9015
1755402811628,0.270389,-0.034098,9.932607
1755402811631,0.260818,-0.026919,9.801002
1755402811634,0.284746,-0.055633,9.961619
1755402811637,0.294317,0.013759,9.88475
1755402811639,0.267996,-0.072383,9.832108
1755402811640,0.294317,-0.031705,9.937392
1755402811643,0.301496,-0.002991,9.872787
1755402811645,0.263211,-0.012562,9.877572
1755402811647,0.299103,-0.012562,9.9015
1755402811650,0.308674,0.018544,9.870394
1755402811652,0.246461,-0.000598,9.894321
1755402811655,0.291924,0.001795,9.911072
1755402811657,0.318245,0.016152,9.832108
1755402811659,0.253639,-0.048455,9.913465
1755402811662,0.306281,0.004187,9.879965
1755402811664,0.267996,0.011366,9.822537
1755402811666,0.258425,-0.048455,9.925428
1755402811670,0.303888,-0.005384,9.875179
1755402811672,0.258425,-0.034098,9.844072
1755402811674,0.251246,-0.079561,9.896714
1755402811676,0.315853,0.020937,9.836894
1755402811679,0.277567,-0.026919,9.870394
1755402811681,0.267996,-0.024526,9.947263
1755402811683,0.334995,0.030508,9.846465
1755402811686,0.20339,-0.005384,9.961619
1755402811688,0.263211,-0.017348,9.882358
1755402811691,0.272782,-0.029312,9.870394
1755402811693,0.270389,-0.005384,9.891929
1755402811695,0.294317,-0.043669,9.844072
1755402811698,0.325424,-0.002991,9.894321
1755402811700,0.272782,0.004187,9.872787
1755402811703,0.275175,-0.031705,9.88475
1755402811706,0.287139,-0.022134,9.872787
1755402811708,0.258425,-0.031705,9.877572
1755402811711,0.272782,-0.019741,9.865608
1755402811712,0.29671,-0.014955,9.877572
1755402811714,0.263211,-0.034098,9.870394
1755402811717,0.27996,-0.026919,9.896714
1755402811719,0.27996,-0.043669,9.875179
1755402811722,0.301496,-0.041276,9.863214
1755402811724,0.287139,-0.048455,9.879965
1755402811727,0.332602,-0.048455,9.875179
1755402811729,0.306281,-0.036491,9.877572
1755402811731,0.282353,0.001795,9.882358
1755402811733,0.275175,-0.026919,9.894321
1755402811737,0.263211,-0.012562,9.877572
1755402811739,0.291924,-0.024526,9.858429
1755402811742,0.282353,-0.041276,9.858429
1755402811744,0.256032,-0.038883,9.872787
1755402811746,0.251246,-0.034098,9.875179
1755402811748,0.263211,-0.019741,9.889536
1755402811751,0.267996,-0.005384,9.899107
1755402811753,0.303888,-0.024526,9.887143
1755402811756,0.282353,-0.026919,9.872787
1755402811758,0.308674,-0.048455,9.894321
1755402811761,0.334995,-0.036491,9.877572
1755402811762,0.308674,-0.017348,9.870394
1755402811765,0.29671,-0.029312,9.9015
1755402811767,0.275175,-0.043669,9.903893
1755402811769,0.27996,-0.026919,9.856036
1755402811772,0.29671,-0.014955,9.891929
1755402811774,0.289532,-0.026919,9.925428
1755402811777,0.263211,-0.029312,9.872787
1755402811781,0.289532,-0.017348,9.88475
1755402811782,0.272782,-0.034098,9.887143
1755402811785,0.29671,-0.007777,9.899107
1755402811786,0.287139,-0.019741,9.870394
1755402811789,0.282353,-0.014955,9.889536
1755402811792,0.265603,-0.031705,9.875179
1755402811794,0.284746,-0.007777,9.889536
1755402811796,0.282353,-0.005384,9.896714
1755402811798,0.306281,-0.022134,9.899107
1755402811801,0.299103,-0.041276,9.868001
1755402811803,0.303888,0.00658,9.858429
1755402811807,0.318245,-0.014955,9.925428
1755402811809,0.270389,-0.007777,9.863214
1755402811810,0.287139,-0.026919,9.879965
1755402811813,0.291924,-0.005384,9.889536
1755402811815,0.263211,-0.038883,9.877572
1755402811817,0.272782,-0.043669,9.839287
1755402811820,0.270389,-0.050847,9.856036
1755402811822,0.289532,-0.05324,9.932607
1755402811825,0.29671,0.016152,9.872787
1755402811828,0.287139,-0.038883,9.863214
1755402811830,0.308674,-0.062812,9.939785
1755402811832,0.299103,-0.007777,9.784252
1755402811834,0.229711,-0.024526,9.964012
1755402811837,0.320638,0.001795,9.822537
1755402811840,0.294317,-0.048455,9.939785
1755402811844,0.284746,-0.036491,9.925428
1755402811845,0.308674,-0.007777,9.803394
1755402811847,0.227318,-0.074776,9.906285
1755402811849,0.303888,-0.019741,9.77468
1755402811851,0.260818,-0.048455,9.925428
1755402811853,0.306281,0.025723,9.923036
1755402811856,0.320638,0.018544,9.906285
1755402811859,0.229711,-0.031705,9.899107
1755402811861,0.287139,-0.029312,9.80818
1755402811863,0.253639,-0.046062,9.968799
1755402811866,0.325424,0.02333,9.82493
1755402811868,0.256032,-0.029312,9.932607
1755402811870,0.299103,-0.031705,9.82493
1755402811873,0.270389,-0.036491,9.932607
1755402811876,0.287139,0.011366,9.863214
1755402811877,0.294317,-0.017348,9.891929
1755402811880,0.299103,-0.019741,9.875179
1755402811882,0.277567,-0.043669,9.870394
1755402811885,0.284746,-0.034098,9.863214
1755402811887,0.267996,-0.002991,9.899107
1755402811889,0.29671,-0.026919,9.879965
1755402811892,0.315853,-0.022134,9.894321
1755402811894,0.272782,-0.043669,9.889536
1755402811897,0.294317,-0.000598,9.891929
1755402811899,0.275175,-0.024526,9.908679
1755402811902,0.270389,-0.034098,9.875179
1755402811904,0.287139,-0.026919,9.906285
1755402811906,0.291924,-0.014955,9.882358
1755402811909,0.260818,-0.043669,9.889536
1755402811912,0.265603,-0.017348,9.863214
1755402811913,0.294317,-0.019741,9.889536
1755402811916,0.265603,-0.019741,9.903893
1755402811918,0.258425,0.00658,9.879965
1755402811920,0.248854,-0.014955,9.877572
1755402811923,0.270389,-0.050847,9.877572
1755402811926,0.301496,-0.019741,9.899107
1755402811928,0.277567,-0.026919,9.891929
1755402811930,0.272782,-0.038883,9.839287
1755402811932,0.270389,-0.024526,9.887143
1755402811935,0.303888,0.00658,9.863214
1755402811937,0.315853,0.001795,9.925428
1755402811940,0.294317,-0.024526,9.870394
1755402811945,0.289532,-0.022134,9.865608
1755402811947,0.315853,-0.002991,9.851251
1755402811948,0.282353,-0.012562,9.88475
1755402811949,0.272782,0.001795,9.930214
1755402811952,0.31346,-0.024526,9.887143
1755402811954,0.256032,-0.043669,9.9015
1755402811956,0.29671,-0.031705,9.887143
1755402811960,0.311067,0.013759,9.891929
1755402811962,0.248854,-0.041276,9.84168
1755402811964,0.256032,-0.029312,9.887143
1755402811966,0.301496,-0.012562,9.91825
1755402811968,0.275175,-0.012562,9.832108
1755402811971,0.291924,-0.043669,9.925428
1755402811973,0.29671,-0.034098,9.858429
1755402811977,0.277567,-0.010169,9.894321
1755402811980,0.284746,-0.014955,9.829716
1755402811981,0.267996,-0.036491,9.944571
1755402811983,0.320638,0.018544,9.856036
1755402811985,0.248854,0.004187,9.868001
1755402811987,0.31346,-0.055633,9.853643
1755402811991,0.318245,-0.000598,9.927821
1755402811994,0.311067,0.020937,9.896714
1755402811995,0.256032,-0.036491,9.908679
1755402811997,0.284746,-0.019741,9.903893
1755402812000,0.236889,0.013759,9.822537
1755402812002,0.272782,-0.05324,9.88475
1755402812004,0.289532,-0.065204,9.84168
1755402812007,0.289532,-0.019741,9.9015
1755402812009,0.244068,-0.038883,9.812965
1755402812012,0.287139,-0.050847,9.966406
1755402812014,0.303888,0.001795,9.877572
1755402812016,0.244068,-0.000598,9.88475
1755402812019,0.267996,-0.041276,9.899107
1755402812021,0.277567,0.016152,9.853643
1755402812024,0.277567,-0.031705,9.863214
1755402812026,0.291924,-0.038883,9.832108
1755402812028,0.282353,-0.026919,9.896714
1755402812031,0.229711,-0.029312,9.879965
1755402812033,0.311067,-0.014955,9.952048
1755402812035,0.29671,0.00658,9.868001
1755402812038,0.258425,-0.026919,9.952048
1755402812040,0.287139,-0.029312,9.872787
1755402812045,0.303888,-0.050847,9.810573
1755402812047,0.217747,-0.072383,9.9015
1755402812048,0.303888,-0.007777,9.846465
1755402812051,0.294317,-0.002991,9.896714
1755402812052,0.270389,-0.024526,9.872787
1755402812055,0.287139,-0.005384,9.954441
1755402812057,0.265603,-0.048455,9.858429
1755402812059,0.234497,-0.077169,9.9015
1755402812062,0.282353,-0.036491,9.915857
1755402812065,0.272782,0.016152,9.846465
1755402812067,0.275175,-0.043669,9.863214
1755402812069,0.308674,-0.067597,9.872787
1755402812071,0.291924,-0.019741,9.865608
1755402812074,0.241675,-0.002991,9.834501
1755402812076,0.303888,0.001795,9.939785
1755402812079,0.287139,-0.007777,9.858429
1755402812081,0.217747,-0.041276,9.875179
1755402812083,0.291924,-0.036491,9.882358
1755402812086,0.282353,-0.034098,9.91825
1755402812088,0.282353,-0.000598,9.844072
1755402812091,0.299103,-0.046062,9.865608
1755402812093,0.334995,-0.019741,9.903893
1755402812096,0.270389,0.018544,9.887143
1755402812098,0.27996,-0.022134,9.846465
1755402812100,0.275175,-0.065204,9.863214
1755402812103,0.289532,-0.041276,9.832108
1755402812105,0.251246,-0.017348,9.920643
1755402812107,0.311067,0.008973,9.906285
1755402812110,0.289532,-0.026919,9.91825
1755402812113,0.277567,-0.031705,9.911072
1755402812115,0.277567,-0.036491,9.84168
1755402812117,0.272782,-0.038883,9.903893
1755402812119,0.301496,0.00658,9.846465
1755402812122,0.282353,-0.017348,9.925428
1755402812124,0.315853,-0.036491,9.834501
1755402812127,0.282353,-0.046062,9.913465
1755402812130,0.27996,-0.007777,9.875179
1755402812132,0.289532,-0.022134,9.860822
1755402812134,0.303888,-0.024526,9.875179
1755402812136,0.265603,-0.055633,9.877572
1755402812138,0.248854,-0.029312,9.896714
1755402812141,0.244068,-0.019741,9.865608
1755402812143,0.260818,-0.050847,9.894321
1755402812149,0.260818,-0.038883,9.870394
1755402812151,0.267996,-0.026919,9.877572
1755402812152,0.275175,-0.029312,9.903893
1755402812154,0.270389,-0.005384,9.875179
1755402812157,0.277567,-0.012562,9.868001
1755402812158,0.272782,-0.048455,9.879965
1755402812160,0.244068,-0.002991,9.887143
1755402812164,0.246461,-0.000598,9.875179
1755402812166,0.246461,-0.024526,9.868001
1755402812167,0.299103,-0.029312,9.868001
1755402812170,0.260818,0.001795,9.870394
1755402812172,0.263211,-0.022134,9.889536
1755402812174,0.289532,-0.010169,9.896714
1755402812177,0.291924,-0.022134,9.894321
1755402812181,0.311067,-0.019741,9.889536
1755402812184,0.291924,-0.002991,9.894321
1755402812185,0.265603,-0.005384,9.894321
1755402812187,0.227318,-0.026919,9.872787
1755402812189,0.267996,-0.048455,9.872787
1755402812191,0.251246,-0.029312,9.913465
1755402812194,0.294317,-0.026919,9.887143
1755402812196,0.318245,-0.007777,9.865608
1755402812199,0.277567,-0.029312,9.896714
1755402812201,0.291924,-0.029312,9.865608
1755402812203,0.267996,-0.002991,9.889536
1755402812206,0.270389,0.00658,9.891929
1755402812208,0.282353,-0.017348,9.879965
1755402812210,0.29671,-0.007777,9.875179
1755402812215,0.265603,-0.026919,9.863214
1755402812216,0.289532,-0.026919,9.860822
1755402812218,0.265603,-0.029312,9.879965
1755402812220,0.29671,-0.022134,9.927821
1755402812222,0.260818,0.011366,9.9015
1755402812225,0.275175,-0.017348,9.879965
1755402812228,0.277567,-0.012562,9.915857
1755402812230,0.323031,-0.017348,9.793823
1755402812233,0.253639,-0.022134,9.937392
1755402812235,0.301496,-0.000598,9.860822
1755402812237,0.260818,-0.041276,9.911072
1755402812239,0.267996,-0.019741,9.877572
1755402812243,0.27996,-0.007777,9.920643
1755402812245,0.303888,-0.022134,9.810573
1755402812246,0.284746,-0.038883,9.937392
1755402812250,0.291924,-0.026919,9.844072
1755402812252,0.251246,0.004187,9.908679
1755402812254,0.294317,-0.048455,9.784252
1755402812256,0.294317,-0.026919,9.91825
1755402812258,0.29671,-0.029312,9.923036
1755402812261,0.27996,-0.012562,9.882358
1755402812263,0.284746,-0.055633,9.815358
1755402812266,0.272782,-0.041276,10.009477
1755402812270,0.315853,0.028116,9.779466
1755402812271,0.239282,0.008973,9.954441
1755402812273,0.315853,-0.019741,9.798609
1755402812275,0.224925,-0.089133,9.865608
1755402812277,0.311067,-0.019741,9.79143
1755402812280,0.277567,-0.019741,10.062119
1755402812283,0.308674,0.025723,9.805787
1755402812285,0.244068,-0.060419,9.959227
1755402812287,0.270389,0.00658,9.798609
1755402812289,0.267996,-0.046062,9.860822
1755402812292,0.291924,-0.000598,10.023833
1755402812294,0.301496,-0.005384,9.789038
1755402812297,0.236889,-0.022134,9.980762
1755402812300,0.308674,-0.010169,9.779466
1755402812302,0.241675,-0.084347,9.925428
1755402812304,0.301496,-0.000598,9.84168
1755402812306,0.256032,-0.010169,9.942178
1755402812309,0.294317,0.04008,9.755538
1755402812311,0.244068,-0.022134,10.014262
1755402812314,0.291924,0.001795,9.827323
1755402812317,0.299103,-0.058026,9.865608
1755402812319,0.270389,-0.065204,9.932607
1755402812321,0.301496,-0.019741,9.736395
1755402812323,0.232104,-0.019741,10.03819
1755402812325,0.299103,0.00658,9.729217
1755402812328,0.22014,-0.065204,10.050154
1755402812330,0.301496,0.008973,9.777073
1755402812334,0.248854,-0.036491,9.865608
1755402812335,0.263211,-0.024526,9.860822
1755402812337,0.289532,-0.007777,9.84168
1755402812340,0.195912,-0.017348,10.007083
1755402812342,0.291924,0.037687,9.903893
1755402812345,0.232104,-0.036491,9.822537
1755402812347,0.277567,-0.036491,9.913465
1755402812351,0.327817,-0.012562,9.793823
1755402812353,0.265603,-0.062812,10.045368
1755402812354,0.334995,0.018544,9.853643
1755402812357,0.265603,-0.014955,9.753145
1755402812359,0.253639,-0.072383,9.990334
1755402812361,0.31346,0.059222,9.82493
1755402812364,0.232104,-0.024526,9.894321
1755402812368,0.277567,-0.010169,9.923036
1755402812370,0.282353,0.032901,9.829716
1755402812371,0.227318,-0.036491,9.923036
1755402812373,0.323031,-0.041276,9.88475
1755402812376,0.301496,-0.036491,9.853643
1755402812378,0.275175,-0.046062,9.923036
1755402812380,0.311067,0.008973,9.9015
1755402812383,0.275175,-0.031705,9.851251
1755402812386,0.275175,-0.031705,9.91825
1755402812390,0.275175,0.016152,9.894321
1755402812391,0.267996,-0.048455,9.858429
1755402812393,0.248854,-0.014955,9.915857
1755402812395,0.320638,-0.038883,9.846465
1755402812397,0.27996,-0.048455,9.889536
1755402812400,0.275175,-0.000598,9.870394
1755402812402,0.291924,-0.041276,9.875179
1755402812404,0.265603,-0.065204,9.870394
1755402812407,0.287139,-0.024526,9.865608
1755402812409,0.277567,-0.038883,9.899107
1755402812412,0.294317,-0.007777,9.889536
1755402812414,0.270389,-0.007777,9.927821
1755402812417,0.301496,-0.022134,9.88475
1755402812420,0.291924,-0.05324,9.894321
1755402812421,0.265603,-0.019741,9.915857
1755402812424,0.27996,-0.000598,9.868001
1755402812426,0.282353,-0.014955,9.903893
1755402812428,0.294317,-0.017348,9.887143
1755402812432,0.287139,-0.017348,9.872787
1755402812433,0.289532,-0.058026,9.88475
1755402812436,0.263211,-0.026919,9.915857
1755402812438,0.299103,-0.019741,9.875179
1755402812441,0.277567,-0.014955,9.882358
1755402812443,0.294317,-0.012562,9.894321
1755402812445,0.267996,-0.019741,9.882358
1755402812448,0.282353,-0.041276,9.88475
1755402812450,0.265603,-0.002991,9.834501
1755402812453,0.299103,-0.024526,9.908679
1755402812455,0.270389,-0.036491,9.896714
1755402812457,0.239282,0.00658,9.896714
1755402812460,0.31346,-0.034098,9.865608
1755402812462,0.291924,0.008973,9.827323
1755402812464,0.349352,-0.014955,9.999905
1755402812467,0.253639,-0.019741,9.947263
1755402812470,0.287139,-0.012562,9.856036
1755402812472,0.277567,-0.055633,9.868001
1755402812474,0.253639,-0.029312,9.908679
1755402812476,0.256032,-0.005384,9.834501
1755402812479,0.248854,0.016152,9.882358
1755402812481,0.267996,-0.043669,9.877572
1755402812484,0.294317,-0.005384,9.891929
1755402812487,0.260818,-0.031705,9.88475
1755402812490,0.291924,-0.014955,9.896714
1755402812491,0.291924,-0.055633,9.872787
1755402812494,0.301496,-0.055633,9.875179
1755402812495,0.277567,-0.012562,9.863214
1755402812498,0.282353,-0.036491,9.877572
1755402812501,0.303888,-0.019741,9.872787
1755402812504,0.306281,-0.031705,9.889536
1755402812507,0.284746,-0.029312,9.896714
1755402812508,0.27996,-0.031705,9.877572
1755402812510,0.270389,-0.019741,9.872787
1755402812513,0.282353,-0.022134,9.875179
1755402812515,0.27996,-0.005384,9.882358
1755402812517,0.275175,0.004187,9.872787
1755402812521,0.301496,-0.005384,9.865608
1755402812522,0.289532,-0.038883,9.834501
1755402812524,0.299103,-0.046062,9.908679
1755402812527,0.308674,-0.058026,9.829716
1755402812529,0.253639,-0.036491,10.023833
1755402812531,0.275175,0.028116,9.891929
1755402812534,0.258425,-0.012562,9.865608
1755402812538,0.253639,-0.081954,9.879965
1755402812539,0.294317,-0.026919,9.91825
1755402812541,0.272782,0.025723,9.853643
1755402812543,0.251246,-0.05324,9.844072
1755402812546,0.301496,-0.05324,9.889536
1755402812548,0.27996,0.02333,9.860822
1755402812551,0.239282,-0.031705,9.865608
1755402812555,0.287139,-0.036491,9.937392
1755402812557,0.289532,-0.000598,9.851251
1755402812559,0.267996,-0.038883,9.865608
1755402812560,0.318245,-0.007777,9.903893
1755402812563,0.294317,0.004187,9.88475
1755402812565,0.227318,-0.041276,9.915857
1755402812568,0.315853,0.025723,9.851251
1755402812570,0.284746,-0.034098,9.817751
1755402812572,0.27996,-0.017348,9.966406
1755402812575,0.339781,0.025723,9.839287
1755402812577,0.289532,-0.029312,9.812965
1755402812579,0.299103,-0.041276,10.00469
1755402812582,0.287139,-0.007777,9.860822
1755402812584,0.265603,-0.060419,9.891929
1755402812586,0.248854,-0.026919,9.877572
1755402812589,0.31346,0.008973,9.827323
1755402812591,0.253639,-0.022134,9.932607
1755402812594,0.306281,0.004187,9.903893
1755402812596,0.265603,-0.014955,9.812965
1755402812599,0.248854,-0.026919,9.920643
1755402812601,0.301496,0.013759,9.832108
1755402812603,0.265603,-0.043669,9.894321
1755402812606,0.263211,-0.019741,9.887143
1755402812608,0.291924,-0.000598,9.817751
1755402812610,0.272782,-0.019741,9.934999
1755402812613,0.270389,0.00658,9.844072
1755402812615,0.251246,-0.041276,9.894321
1755402812618,0.270389,-0.017348,9.899107
1755402812620,0.311067,0.004187,9.848858
1755402812623,0.251246,-0.048455,9.930214
1755402812626,0.29671,0.020937,9.889536
1755402812627,0.282353,-0.002991,9.870394
1755402812630,0.27996,0.004187,9.952048
1755402812632,0.315853,-0.000598,9.82493
1755402812635,0.258425,-0.046062,9.942178
1755402812637,0.323031,0.004187,9.846465
1755402812640,0.284746,-0.026919,9.858429
1755402812642,0.299103,-0.000598,9.911072
1755402812645,0.311067,-0.012562,9.822537
1755402812646,0.258425,-0.038883,9.930214
1755402812649,0.287139,0.00658,9.899107
1755402812652,0.265603,-0.050847,9.848858
1755402812654,0.289532,-0.022134,9.911072
1755402812657,0.301496,0.018544,9.848858
1755402812659,0.246461,-0.06999,9.9015
1755402812661,0.289532,-0.017348,9.856036
1755402812663,0.258425,-0.043669,9.865608
1755402812666,0.272782,-0.012562,9.944571
1755402812668,0.320638,-0.024526,9.805787
1755402812670,0.229711,-0.048455,9.968799
1755402812674,0.282353,-0.017348,9.80818
1755402812676,0.258425,-0.062812,9.908679
1755402812678,0.29671,0.016152,9.786645
1755402812680,0.258425,-0.038883,9.987941
1755402812682,0.251246,0.001795,9.872787
1755402812685,0.251246,-0.029312,9.879965
1755402812687,0.267996,-0.010169,9.889536
1755402812691,0.29671,-0.034098,9.851251
1755402812694,0.272782,-0.017348,9.956834
1755402812695,0.301496,-0.017348,9.906285
1755402812697,0.248854,-0.017348,9.879965
1755402812699,0.327817,-0.031705,9.789038
1755402812702,0.27996,-0.010169,9.908679
1755402812704,0.318245,-0.005384,9.923036
1755402812708,0.27996,-0.007777,9.899107
1755402812709,0.311067,-0.036491,9.781859
1755402812711,0.256032,-0.079561,9.932607
1755402812714,0.325424,-0.029312,9.889536
1755402812717,0.244068,-0.024526,9.920643
1755402812718,0.294317,-0.012562,9.765109
1755402812721,0.256032,-0.046062,9.939785
1755402812725,0.291924,0.004187,9.805787
1755402812726,0.265603,0.032901,9.973584
1755402812728,0.31346,-0.038883,9.856036
1755402812730,0.232104,-0.043669,9.927821
1755402812733,0.277567,-0.000598,9.827323
1755402812735,0.244068,-0.024526,9.91825
1755402812738,0.303888,-0.046062,9.9015
1755402812740,0.275175,0.00658,9.9015
1755402812743,0.284746,-0.029312,9.887143
1755402812746,0.291924,-0.038883,9.834501
1755402812747,0.294317,-0.031705,9.937392
1755402812750,0.267996,0.016152,9.858429
1755402812752,0.291924,-0.046062,9.88475
1755402812754,0.267996,-0.024526,9.889536
1755402812757,0.284746,-0.041276,9.889536
1755402812760,0.260818,-0.007777,9.815358
1755402812762,0.253639,-0.046062,9.944571
1755402812765,0.291924,-0.002991,9.84168
1755402812767,0.287139,-0.014955,9.911072
1755402812769,0.31346,-0.031705,9.810573
1755402812771,0.29671,-0.022134,9.932607
1755402812773,0.301496,-0.017348,9.810573
1755402812777,0.282353,-0.017348,9.923036
1755402812781,0.284746,-0.014955,9.872787
1755402812782,0.256032,-0.024526,9.906285
1755402812783,0.267996,-0.002991,9.911072
1755402812786,0.291924,-0.017348,9.870394
1755402812788,0.277567,-0.038883,9.915857
1755402812790,0.303888,-0.036491,9.865608
1755402812793,0.277567,-0.046062,9.930214
1755402812795,0.272782,-0.024526,9.856036
1755402812799,0.239282,-0.002991,9.865608
1755402812800,0.275175,-0.007777,9.839287
1755402812803,0.327817,-0.055633,9.906285
1755402812805,0.282353,-0.007777,9.879965
1755402812807,0.27996,-0.031705,9.894321
1755402812810,0.277567,-0.010169,9.887143
1755402812812,0.267996,0.011366,9.870394
1755402812814,0.27996,-0.022134,9.894321
1755402812817,0.277567,-0.062812,9.891929
1755402812819,0.267996,-0.041276,9.872787
1755402812821,0.29671,-0.014955,9.868001
1755402812824,0.289532,-0.041276,9.865608
1755402812827,0.272782,-0.036491,9.9015
1755402812829,0.301496,-0.026919,9.891929
1755402812831,0.256032,-0.029312,9.906285
1755402812833,0.248854,0.001795,9.894321
1755402812836,0.270389,-0.012562,9.894321
1755402812839,0.287139,-0.024526,9.896714
1755402812841,0.275175,-0.000598,9.877572
1755402812843,0.272782,-0.046062,9.911072
1755402812846,0.27996,-0.012562,9.868001
1755402812848,0.287139,-0.041276,9.88475
1755402812850,0.277567,-0.036491,9.822537
1755402812853,0.282353,-0.034098,9.908679
1755402812855,0.275175,-0.022134,9.858429
1755402812857,0.265603,-0.007777,9.911072
1755402812860,0.289532,-0.026919,9.877572
1755402812863,0.251246,-0.041276,9.882358
1755402812865,0.320638,-0.014955,9.891929
1755402812867,0.265603,-0.017348,9.879965
1755402812870,0.263211,-0.046062,9.887143
1755402812872,0.275175,-0.029312,9.882358
1755402812874,0.265603,-0.002991,9.906285
1755402812877,0.248854,-0.022134,9.820144
1755402812880,0.258425,-0.036491,9.88475
1755402812882,0.246461,-0.000598,9.868001
1755402812884,0.277567,-0.034098,9.896714
1755402812886,0.275175,-0.046062,9.848858
1755402812888,0.251246,-0.041276,9.899107
1755402812891,0.289532,-0.002991,9.863214
1755402812893,0.287139,-0.022134,9.887143
1755402812896,0.265603,-0.007777,9.882358
1755402812898,0.284746,-0.024526,9.903893
1755402812901,0.275175,0.004187,9.846465
1755402812903,0.267996,0.011366,9.868001
1755402812905,0.27996,-0.019741,9.872787
1755402812908,0.258425,-0.046062,9.939785
1755402812910,0.303888,-0.022134,9.856036
1755402812913,0.246461,-0.038883,9.9015
1755402812915,0.284746,-0.029312,9.877572
1755402812917,0.294317,-0.034098,9.906285
1755402812921,0.272782,-0.007777,9.872787
1755402812922,0.258425,-0.043669,9.872787
1755402812924,0.248854,-0.017348,9.88475
1755402812927,0.282353,-0.017348,9.887143
1755402812930,0.251246,-0.026919,9.88475
1755402812932,0.267996,-0.019741,9.896714
1755402812934,0.282353,-0.005384,9.9015
1755402812937,0.29671,-0.031705,9.846465
1755402812939,0.267996,-0.026919,9.920643
1755402812942,0.291924,-0.007777,9.894321
1755402812944,0.275175,-0.034098,9.865608
1755402812947,0.301496,-0.022134,9.887143
1755402812949,0.27996,-0.026919,9.879965
1755402812951,0.260818,-0.012562,9.868001
1755402812954,0.246461,0.008973,9.877572
1755402812956,0.265603,-0.017348,9.88475
1755402812958,0.267996,-0.026919,9.903893
1755402812961,0.291924,-0.014955,9.889536
1755402812964,0.277567,-0.005384,9.88475
1755402812967,0.301496,-0.007777,9.877572
1755402812968,0.267996,-0.005384,9.853643
1755402812970,0.244068,-0.019741,9.879965
1755402812972,0.263211,-0.012562,9.875179
1755402812975,0.272782,-0.012562,9.877572
1755402812977,0.232104,-0.019741,9.863214
1755402812980,0.270389,-0.017348,9.9015
1755402812982,0.31346,-0.038883,9.853643
1755402812984,0.311067,-0.050847,9.879965
1755402812987,0.284746,0.011366,9.882358
1755402812989,0.275175,-0.000598,9.868001
1755402812991,0.29671,-0.034098,9.920643
1755402812994,0.299103,-0.022134,9.882358
1755402812997,0.282353,-0.010169,9.882358
1755402812999,0.284746,-0.029312,9.865608
1755402813002,0.256032,-0.058026,9.872787
1755402813004,0.241675,-0.000598,9.887143
1755402813006,0.256032,-0.012562,9.872787
1755402813008,0.282353,-0.022134,9.879965
1755402813011,0.289532,-0.046062,9.879965
1755402813013,0.265603,-0.022134,9.882358
1755402813015,0.299103,-0.026919,9.879965
1755402813018,0.284746,-0.029312,9.9015
1755402813021,0.260818,-0.010169,9.879965
1755402813023,0.260818,-0.026919,9.879965
1755402813025,0.272782,-0.000598,9.882358
1755402813028,0.267996,-0.026919,9.887143
1755402813031,0.263211,-0.034098,9.865608
1755402813033,0.282353,-0.036491,9.868001
1755402813035,0.301496,-0.002991,9.865608
1755402813037,0.287139,-0.014955,9.865608
1755402813039,0.29671,-0.017348,9.88475
1755402813045,0.284746,-0.031705,9.88475
1755402813046,0.29671,-0.034098,9.896714
1755402813047,0.289532,-0.017348,9.870394
1755402813050,0.241675,-0.007777,9.851251
1755402813052,0.294317,-0.005384,9.856036
1755402813054,0.294317,-0.014955,9.891929
1755402813056,0.275175,-0.014955,9.887143
1755402813059,0.27996,-0.007777,9.872787
1755402813061,0.253639,-0.034098,9.860822
1755402813065,0.282353,-0.036491,9.88475
1755402813067,0.277567,-0.007777,9.875179
1755402813069,0.260818,-0.022134,9.860822
1755402813071,0.232104,-0.050847,9.882358
1755402813073,0.277567,-0.036491,9.870394
1755402813075,0.275175,-0.038883,9.882358
1755402813078,0.275175,-0.010169,9.868001
1755402813080,0.27996,-0.024526,9.882358
1755402813083,0.282353,-0.036491,9.879965
1755402813087,0.27996,0.001795,9.891929
1755402813088,0.270389,-0.026919,9.877572
1755402813090,0.222533,-0.034098,9.879965
1755402813092,0.277567,0.013759,9.870394
1755402813095,0.31346,-0.024526,9.875179
1755402813097,0.229711,-0.014955,9.879965
1755402813100,0.272782,-0.012562,9.868001
1755402813102,0.267996,-0.055633,9.891929
1755402813104,0.253639,-0.046062,9.887143
1755402813106,0.248854,-0.034098,9.887143
1755402813109,0.217747,-0.017348,9.882358
1755402813111,0.263211,-0.014955,9.863214
1755402813114,0.303888,-0.036491,9.860822
1755402813117,0.275175,-0.019741,9.877572
1755402813119,0.27996,-0.022134,9.889536
1755402813121,0.299103,-0.036491,9.856036
1755402813124,0.294317,-0.036491,9.858429
1755402813126,0.241675,-0.034098,9.887143
1755402813128,0.260818,-0.038883,9.865608
1755402813130,0.267996,-0.017348,9.879965
1755402813133,0.299103,-0.022134,9.875179
