1754989684480,-0.148335,0.077065,9.762635
1754989684481,-0.147942,0.076825,9.761285
1754989684481,-0.152329,0.07671,9.759216
1754989684481,-0.15842,0.076998,9.756888
1754989684481,-0.16497,0.078415,9.753941
1754989684481,-0.169893,0.081393,9.750941
1754989684482,-0.171722,0.085559,9.748693
1754989684482,-0.168753,0.09119,9.748444
1754989684482,-0.163409,0.093498,9.750424
1754989684482,-0.156983,0.092885,9.754016
1754989684482,-0.150825,0.08915,9.758316
1754989684483,-0.145836,0.083366,9.76229
1754989684483,-0.141746,0.075504,9.766237
1754989684483,-0.14052,0.071816,9.767827
1754989684483,-0.140549,0.071357,9.768237
1754989684483,-0.141449,0.074201,9.767683
1754989684484,-0.14279,0.079478,9.76615
1754989684484,-0.144303,0.087618,9.762702
1754989684484,-0.144543,0.092349,9.759639
1754989684484,-0.1437,0.094284,9.756966
1754989684484,-0.142053,0.092742,9.755606
1754989684485,-0.140118,0.087915,9.756161
1754989684485,-0.138663,0.078568,9.759973
1754989684485,-0.1394,0.071749,9.764282
1754989684485,-0.141928,0.067296,9.768793
1754989684485,-0.145797,0.066482,9.772625
1754989684485,-0.15004,0.069403,9.775296
1754989684486,-0.154167,0.077132,9.77744
1754989684486,-0.154981,0.083289,9.778216
1754989684486,-0.15342,0.087676,9.778235
1754989684486,-0.149791,0.089218,9.777153
1754989684486,-0.14506,0.088145,9.774222
1754989684486,-0.138758,0.084678,9.766503
1754989684487,-0.135244,0.082361,9.75846
1754989684487,-0.133414,0.081307,9.750156
1754989684487,-0.13329,0.081489,9.743731
1754989684487,-0.134592,0.081997,9.740905
1754989684487,-0.137427,0.081326,9.743798
1754989684488,-0.139486,0.078875,9.749361
1754989684488,-0.140875,0.075178,9.755021
1754989684488,-0.141402,0.071481,9.758163
1754989684488,-0.141162,0.069374,9.757111
1754989684489,-0.140214,0.071548,9.749619
1754989684489,-0.139505,0.077563,9.742017
1754989684489,-0.138864,0.086479,9.736032
1754989684489,-0.138318,0.096486,9.734163
1754989684492,-0.137734,0.105326,9.737592
1754989684494,-0.136738,0.111838,9.749247
1754989684497,-0.136067,0.111426,9.760481
1754989684499,-0.136039,0.106896,9.770708
1754989684501,-0.137073,0.099685,9.777517
1754989684503,-0.139362,0.091784,9.779595
1754989684505,-0.144093,0.083567,9.775134
1754989684505,-0.147962,0.080483,9.768189
1754989684507,-0.150998,0.080254,9.760575
1754989684509,-0.152453,0.082064,9.754381
1754989684511,-0.151697,0.084726,9.751152
1754989684513,-0.147607,0.087925,9.751928
1754989684516,-0.143317,0.08917,9.75528
1754989684518,-0.139582,0.089304,9.759254
1754989684520,-0.137849,0.088614,9.762204
1754989684522,-0.139113,0.087427,9.762989
1754989684524,-0.145567,0.085779,9.760155
1754989684526,-0.152329,0.084831,9.755864
1754989684529,-0.158649,0.084333,9.750885
1754989684533,-0.162499,0.084295,9.746297
1754989684534,-0.16272,0.084822,9.742821
1754989684535,-0.157845,0.08621,9.740685
1754989684536,-0.152147,0.087455,9.741126
1754989684537,-0.146927,0.088384,9.743261
1754989684539,-0.143834,0.088538,9.746854
1754989684541,-0.143441,0.087465,9.751383
1754989684543,-0.145759,0.084276,9.75753
1754989684546,-0.147502,0.081154,9.76118
1754989684548,-0.147387,0.078357,9.763238
1754989684550,-0.144543,0.076806,9.763688
1754989684552,-0.139381,0.076873,9.762894
1754989684554,-0.131873,0.079267,9.76118
1754989684556,-0.128511,0.081709,9.76047
1754989684558,-0.128933,0.083529,9.760614
1754989684560,-0.133453,0.08396,9.761343
1754989684562,-0.140875,0.082696,9.762012
1754989684565,-0.151285,0.079133,9.761754
1754989684567,-0.156456,0.076078,9.76047
1754989684569,-0.157941,0.073732,9.758823
1754989684571,-0.154914,0.072927,9.757578
1754989684572,-0.152463,0.073847,9.757866
1754989684573,-0.149341,0.07693,9.759494
1754989684575,-0.148498,0.083692,9.76277
1754989684578,-0.150605,0.089763,9.764435
1754989684580,-0.153746,0.095289,9.764158
1754989684583,-0.155968,0.099015,9.761696
1754989684585,-0.155815,0.099944,9.757904
1754989684587,-0.151218,0.096544,9.75392
1754989684587,-0.145797,0.091621,9.754103
1754989684589,-0.140549,0.086335,9.757942
1754989684591,-0.137351,0.082284,9.764617
1754989684593,-0.13714,0.080541,9.771895
1754989684596,-0.141373,0.081661,9.777777
1754989684598,-0.146698,0.083778,9.77631
1754989684600,-0.152405,0.085416,9.769291
1754989684603,-0.157328,0.08555,9.758373
1754989684605,-0.160766,0.083902,9.746555
1754989684607,-0.162758,0.080024,9.735476
1754989684609,-0.162308,0.077438,9.7338
1754989684611,-0.160402,0.07626,9.738042
1754989684612,-0.157127,0.076825,9.746345
1754989684614,-0.152606,0.078664,9.755587
1754989684616,-0.145232,0.081259,9.764408
1754989684618,-0.139706,0.08214,9.766552
1754989684620,-0.135445,0.081939,9.765574
1754989684622,-0.133702,0.081374,9.763469
1754989684624,-0.135301,0.081796,9.762252
1754989684626,-0.14233,0.085597,9.764205
1754989684629,-0.149571,0.090826,9.767769
1754989684632,-0.156044,0.096525,9.771302
1754989684633,-0.159741,0.100537,9.773122
1754989684635,-0.159463,0.100825,9.772079
1754989684637,-0.153315,0.093948,9.7666
1754989684638,-0.146745,0.084659,9.761219
1754989684639,-0.141076,0.074603,9.756717
1754989684641,-0.138442,0.066894,9.754609
1754989684644,-0.139697,0.063992,9.755548
1754989684646,-0.146381,0.069116,9.760941
1754989684648,-0.152894,0.078147,9.766667
1754989684650,-0.158362,0.088614,9.772136
1754989684653,-0.161197,0.097272,9.776091
1754989684655,-0.160641,0.101543,9.777864
1754989684657,-0.15546,0.099034,9.776751
1754989684659,-0.150116,0.092435,9.774445
1754989684660,-0.145481,0.084697,9.772049
1754989684662,-0.142915,0.078673,9.770679
1754989684664,-0.143049,0.076241,9.770718
1754989684666,-0.146295,0.078989,9.772182
1754989684668,-0.149322,0.083778,9.773035
1754989684670,-0.151132,0.088547,9.772556
1754989684672,-0.150835,0.09165,9.770459
1754989684674,-0.148488,0.09255,9.767367
1754989684676,-0.143949,0.091851,9.764359
1754989684679,-0.141459,0.091813,9.765039
1754989684681,-0.141172,0.093518,9.769167
1754989684683,-0.143413,0.09709,9.77608
1754989684685,-0.147435,0.101428,9.783579
1754989684687,-0.153277,0.105469,9.78968
1754989684688,-0.156169,0.105259,9.788386
1754989684689,-0.156945,0.101763,9.781405
1754989684692,-0.155834,0.095682,9.770451
1754989684694,-0.153784,0.088614,9.758622
1754989684696,-0.151333,0.080656,9.747484
1754989684699,-0.150385,0.077419,9.745502
1754989684700,-0.1498,0.077017,9.749152
1754989684703,-0.148077,0.080254,9.758641
1754989684705,-0.146228,0.082983,9.763172
1754989684707,-0.140578,0.089227,9.767557
1754989684709,-0.135694,0.093498,9.765259
1754989684712,-0.132102,0.096276,9.759274
1754989684713,-0.131394,0.096764,9.752052
1754989684714,-0.134382,0.094676,9.746767
1754989684717,-0.143394,0.088356,9.746584
1754989684720,-0.151821,0.082562,9.752149
1754989684721,-0.159243,0.077869,9.761016
1754989684723,-0.163878,0.075714,9.770689
1754989684725,-0.164874,0.076758,9.778619
1754989684729,-0.160823,0.082274,9.783895
1754989684730,-0.155278,0.087417,9.783751
1754989684731,-0.14913,0.091324,9.781137
1754989684732,-0.143556,0.092732,9.77745
1754989684734,-0.139161,0.091401,9.773745
1754989684736,-0.135167,0.086747,9.769463
1754989684738,-0.133127,0.08305,9.766523
1754989684740,-0.131614,0.080761,9.763382
1754989684742,-0.130494,0.08057,9.759895
1754989684745,-0.129852,0.082389,9.756362
1754989684747,-0.1299,0.086383,9.752562
1754989684750,-0.130379,0.088911,9.75119
1754989684751,-0.130829,0.08983,9.751439
1754989684752,-0.130982,0.088863,9.753164
1754989684753,-0.130733,0.086373,9.755826
1754989684755,-0.129967,0.082475,9.759484
1754989684758,-0.12967,0.080828,9.761371
1754989684760,-0.12989,0.081202,9.76208
1754989684762,-0.130656,0.083768,9.761582
1754989684765,-0.131767,0.087867,9.7603
1754989684767,-0.133405,0.093316,9.758652
1754989684769,-0.134669,0.095711,9.758269
1754989684771,-0.136288,0.09573,9.759206
1754989684773,-0.138605,0.093364,9.761275
1754989684775,-0.141813,0.089553,9.763745
1754989684778,-0.146832,0.084467,9.765949
1754989684780,-0.150011,0.082121,9.765718
1754989684780,-0.151649,0.081786,9.763719
1754989684783,-0.150921,0.083328,9.760692
1754989684784,-0.147942,0.086191,9.758105
1754989684786,-0.141813,0.090731,9.758057
1754989684788,-0.137188,0.093872,9.761458
1754989684790,-0.133951,0.096218,9.767328
1754989684792,-0.132658,0.097521,9.774232
1754989684795,-0.133309,0.097683,9.779932
1754989684797,-0.135972,0.095682,9.782785
1754989684800,-0.137973,0.092579,9.78062
1754989684801,-0.139017,0.088538,9.775468
1754989684802,-0.138758,0.084372,9.768888
1754989684804,-0.137638,0.081125,9.762673
1754989684806,-0.136575,0.079823,9.75735
1754989684809,-0.137705,0.081575,9.756133
1754989684811,-0.141373,0.085301,9.756907
1754989684813,-0.147617,0.089974,9.758652
1754989684815,-0.155527,0.094475,9.76004
1754989684817,-0.165593,0.098363,9.759733
1754989684820,-0.170027,0.099139,9.757578
1754989684820,-0.170094,0.098306,9.754265
1754989684822,-0.165353,0.096496,9.751076
1754989684824,-0.156811,0.094542,9.749544
1754989684827,-0.143757,0.092818,9.751776
1754989684830,-0.136537,0.09256,9.756678
1754989684831,-0.134305,0.093125,9.763143
1754989684834,-0.137925,0.093968,9.769233
1754989684835,-0.146391,0.094437,9.772987
1754989684837,-0.156839,0.093948,9.77318
1754989684839,-0.167201,0.091219,9.767846
1754989684841,-0.168284,0.087963,9.76117
1754989684842,-0.162461,0.084563,9.754217
1754989684845,-0.151314,0.082064,9.748969
1754989684846,-0.138337,0.08146,9.746824
1754989684848,-0.125332,0.084429,9.749505
1754989684850,-0.122468,0.088815,9.755107
1754989684852,-0.125964,0.093652,9.762378
1754989684854,-0.133855,0.097214,9.769673
1754989684857,-0.142781,0.097932,9.775487
1754989684859,-0.150586,0.093192,9.779165
1754989684861,-0.151189,0.086115,9.7786
1754989684863,-0.147684,0.077869,9.775831
1754989684865,-0.142101,0.07061,9.77181
1754989684867,-0.137006,0.066339,9.767548
1754989684869,-0.134545,0.067076,9.762828
1754989684870,-0.136709,0.071893,9.760269
1754989684871,-0.141258,0.078712,9.758499
1754989684874,-0.146142,0.085712,9.757435
1754989684876,-0.149235,0.091344,9.757042
1754989684878,-0.148153,0.09572,9.757435
1754989684881,-0.143633,0.097195,9.758307
1754989684882,-0.137523,0.09798,9.75912
1754989684885,-0.132074,0.098564,9.759264
1754989684887,-0.129182,0.098967,9.758182
1754989684889,-0.130982,0.098086,9.754686
1754989684891,-0.135876,0.095615,9.751267
1754989684892,-0.142225,0.091545,9.748136
1754989684894,-0.148345,0.086842,9.74622
1754989684896,-0.15297,0.083031,9.746135
1754989684898,-0.156389,0.08191,9.748395
1754989684900,-0.157471,0.084774,9.750989
1754989684902,-0.158151,0.089936,9.753393
1754989684904,-0.158793,0.095423,9.754916
1754989684906,-0.159234,0.099053,9.755491
1754989684908,-0.158573,0.098325,9.75526
1754989684911,-0.156265,0.093757,9.755059
1754989684914,-0.152185,0.087446,9.755424
1754989684915,-0.147052,0.081834,9.756563
1754989684916,-0.142091,0.0792,9.758507
1754989684918,-0.138318,0.081977,9.761648
1754989684920,-0.139189,0.0878,9.763755
1754989684922,-0.14348,0.094485,9.765124
1754989684924,-0.150251,0.099273,9.765422
1754989684927,-0.157941,0.100231,9.764761
1754989684928,-0.16587,0.094715,9.763334
1754989684931,-0.167738,0.087187,9.762722
1754989684933,-0.165095,0.079717,9.763152
1754989684935,-0.158381,0.075312,9.764531
1754989684937,-0.149197,0.076059,9.766228
1754989684939,-0.137475,0.085866,9.767174
1754989684941,-0.132524,0.097798,9.765823
1754989684942,-0.132687,0.110248,9.762702
1754989684945,-0.137896,0.119844,9.758584
1754989684946,-0.146583,0.123943,9.754888
1754989684949,-0.15841,0.119452,9.752838
1754989684950,-0.163457,0.110066,9.754141
1754989684952,-0.163074,0.098459,9.75753
1754989684955,-0.157309,0.087714,9.761811
1754989684957,-0.147885,0.080196,9.765661
1754989684959,-0.134861,0.076988,9.76841
1754989684961,-0.128617,0.078798,9.768468
1754989684963,-0.127352,0.082293,9.767452
1754989684964,-0.131011,0.085578,9.76639
1754989684966,-0.137753,0.087168,9.766408
1754989684968,-0.146669,0.086392,9.769003
1754989684970,-0.149906,0.084678,9.772642
1754989684972,-0.148709,0.083251,9.776617
1754989684974,-0.143729,0.08305,9.77948
1754989684977,-0.136977,0.083998,9.779979
1754989684979,-0.130015,0.085655,9.776013
1754989684981,-0.129095,0.085741,9.770346
1754989684983,-0.132687,0.084056,9.764033
1754989684985,-0.139879,0.080876,9.759102
1754989684988,-0.148747,0.077275,9.757225
1754989684989,-0.159645,0.074345,9.76053
1754989684990,-0.165296,0.074833,9.766467
1754989684992,-0.168389,0.077582,9.77339
1754989684994,-0.169442,0.081681,9.77905
1754989684996,-0.169069,0.085607,9.781539
1754989684999,-0.167316,0.088672,9.778715
1754989685001,-0.165123,0.089093,9.772959
1754989685003,-0.161973,0.088614,9.766054
1754989685004,-0.157701,0.088317,9.760242
1754989685006,-0.152616,0.089103,9.7569
1754989685008,-0.145893,0.09166,9.756881
1754989685010,-0.142072,0.093546,9.758986
1754989685012,-0.14008,0.093948,9.761313
1754989685015,-0.140042,0.091746,9.762598
1754989685017,-0.141296,0.086823,9.762338
1754989685019,-0.143346,0.077821,9.760079
1754989685021,-0.144073,0.071606,9.758277
1754989685023,-0.143824,0.068043,9.75756
1754989685024,-0.143116,0.068331,9.75891
1754989685027,-0.143058,0.072276,9.762521
1754989685028,-0.144677,0.078511,9.76818
1754989685031,-0.149944,0.086479,9.777135
1754989685033,-0.155087,0.089534,9.782987
1754989685035,-0.159128,0.08893,9.786281
1754989685037,-0.160086,0.085301,9.785916
1754989685039,-0.156801,0.080503,9.781733
1754989685042,-0.146563,0.076241,9.771819
1754989685042,-0.137169,0.07672,9.763613
1754989685045,-0.129593,0.080589,9.75735
1754989685046,-0.126232,0.086277,9.754571
1754989685048,-0.128195,0.091621,9.755894
1754989685051,-0.137408,0.09437,9.763851
1754989685053,-0.146037,0.091861,9.771791
1754989685055,-0.152855,0.086,9.779719
1754989685057,-0.155642,0.078597,9.785505
1754989685058,-0.153784,0.071884,9.787842
1754989685060,-0.145692,0.067354,9.784805
1754989685063,-0.138117,0.068225,9.778323
1754989685065,-0.131825,0.072075,9.769913
1754989685067,-0.128329,0.077438,9.761189
1754989685069,-0.128224,0.082552,9.753728
1754989685072,-0.132476,0.086373,9.748165
1754989685072,-0.137284,0.08623,9.747809
1754989685073,-0.141928,0.083644,9.750492
1754989685076,-0.14529,0.079411,9.755097
1754989685078,-0.146736,0.074632,9.760269
1754989685081,-0.14573,0.069508,9.765958
1754989685083,-0.143403,0.067976,9.768113
1754989685085,-0.140664,0.069327,9.768247
1754989685087,-0.138385,0.073866,9.766695
1754989685090,-0.137149,0.081116,9.764101
1754989685090,-0.137082,0.092818,9.759982
1754989685093,-0.137647,0.100691,9.756927
1754989685094,-0.138011,0.105718,9.754121
1754989685096,-0.137782,0.106619,9.751698
1754989685099,-0.137303,0.103295,9.749879
1754989685101,-0.137734,0.094303,9.749133
1754989685103,-0.140003,0.086728,9.750137
1754989685105,-0.144409,0.0808,9.752562
1754989685107,-0.150385,0.078003,9.756037
1754989685110,-0.156456,0.078616,9.760002
1754989685112,-0.161704,0.083395,9.764761
1754989685113,-0.161704,0.087733,9.767203
1754989685114,-0.157778,0.090846,9.768189
1754989685117,-0.150595,0.091573,9.767509
1754989685119,-0.141612,0.089907,9.765182
1754989685121,-0.129996,0.085703,9.760068
1754989685123,-0.123886,0.083222,9.755749
1754989685126,-0.121463,0.083069,9.752187
1754989685128,-0.123043,0.08576,9.750645
1754989685128,-0.127994,0.090568,9.751737
1754989685131,-0.136967,0.097406,9.756861
1754989685133,-0.142627,0.100011,9.761897
1754989685135,-0.145223,0.098813,9.765853
1754989685137,-0.143911,0.093719,9.767222
1754989685139,-0.139371,0.08599,9.765623
1754989685143,-0.131643,0.075408,9.760183
1754989685144,-0.127525,0.070255,9.756065
1754989685145,-0.126682,0.069164,9.754025
1754989685147,-0.129287,0.072152,9.754754
1754989685149,-0.134133,0.077974,9.757713
1754989685151,-0.140884,0.086603,9.76206
1754989685153,-0.143997,0.091095,9.763114
1754989685154,-0.144706,0.092531,9.761189
1754989685156,-0.143365,0.090865,9.756784
1754989685159,-0.14098,0.086986,9.751794
1754989685161,-0.137657,0.081125,9.748156
1754989685163,-0.135713,0.078195,9.749802
1754989685165,-0.134219,0.077582,9.755337
1754989685167,-0.133098,0.07943,9.763498
1754989685169,-0.13261,0.083251,9.771953
1754989685172,-0.133683,0.089754,9.780017
1754989685173,-0.136642,0.094504,9.782114
1754989685174,-0.14166,0.098325,9.780755
1754989685177,-0.148191,0.100796,9.77678
1754989685178,-0.154895,0.101763,9.771542
1754989685181,-0.161101,0.100805,9.76433
1754989685184,-0.161934,0.098756,9.759426
1754989685186,-0.158918,0.096055,9.755156
1754989685187,-0.152922,0.093326,9.751575
1754989685188,-0.145558,0.091123,9.748719
1754989685190,-0.137159,0.089447,9.746575
1754989685193,-0.133826,0.088854,9.746641
1754989685195,-0.133683,0.088155,9.74826
1754989685197,-0.136249,0.086555,9.751209
1754989685200,-0.140367,0.083606,9.754946
1754989685201,-0.146238,0.078185,9.759906
1754989685202,-0.149867,0.074182,9.762548
1754989685204,-0.152511,0.071587,9.763699
1754989685206,-0.154292,0.071328,9.763401
1754989685210,-0.155384,0.073694,9.761935
1754989685211,-0.155863,0.079851,9.759629
1754989685213,-0.155518,0.084994,9.758853
1754989685215,-0.154665,0.089055,9.759656
1754989685217,-0.153449,0.09097,9.762272
1754989685221,-0.152396,0.090491,9.766456
1754989685222,-0.152032,0.087446,9.772987
1754989685224,-0.152779,0.085138,9.777048
1754989685225,-0.154158,0.084343,9.779145
1754989685227,-0.155365,0.085655,9.778484
1754989685228,-0.155365,0.088796,9.774895
1754989685230,-0.15207,0.093134,9.766936
1754989685232,-0.147042,0.093881,9.760451
1754989685235,-0.140769,0.090731,9.755462
1754989685237,-0.134908,0.083577,9.753298
1754989685239,-0.131327,0.073866,9.754476
1754989685241,-0.132304,0.061483,9.760155
1754989685244,-0.137485,0.056388,9.765574
1754989685244,-0.145184,0.056714,9.770125
1754989685247,-0.153382,0.06224,9.772461
1754989685249,-0.161724,0.074373,9.771321
1754989685252,-0.164501,0.083232,9.767873
1754989685253,-0.1643,0.088959,9.763152
1754989685254,-0.162116,0.090137,9.758365
1754989685256,-0.159348,0.08712,9.754457
1754989685259,-0.157242,0.081518,9.751814
1754989685262,-0.156648,0.074019,9.750397
1754989685263,-0.15774,0.071194,9.750367
1754989685266,-0.159406,0.072085,9.750548
1754989685267,-0.160622,0.076519,9.750587
1754989685268,-0.160469,0.083376,9.750387
1754989685270,-0.157471,0.093058,9.750778
1754989685272,-0.153497,0.098124,9.752646
1754989685275,-0.148996,0.09979,9.756745
1754989685277,-0.145223,0.09776,9.763305
1754989685279,-0.143164,0.092818,9.771666
1754989685281,-0.143518,0.084611,9.782889
1754989685283,-0.145414,0.079871,9.788684
1754989685285,-0.147464,0.078099,9.790245
1754989685286,-0.148431,0.079736,9.78672
1754989685288,-0.147828,0.084285,9.7788
1754989685291,-0.14597,0.090424,9.76841
1754989685293,-0.143288,0.098201,9.755521
1754989685295,-0.142828,0.102242,9.749572
1754989685297,-0.144571,0.104234,9.74826
1754989685299,-0.148287,0.10433,9.751183
1754989685301,-0.152836,0.103056,9.756639
1754989685303,-0.157395,0.100097,9.763909
1754989685305,-0.157854,0.097118,9.766878
1754989685306,-0.155173,0.093556,9.767118
1754989685309,-0.149877,0.089476,9.765098
1754989685310,-0.142972,0.085119,9.762175
1754989685313,-0.13398,0.079918,9.75939
1754989685315,-0.129143,0.077419,9.759196
1754989685317,-0.126835,0.076777,9.760394
1754989685320,-0.127439,0.07831,9.761965
1754989685322,-0.132428,0.083309,9.762798
1754989685322,-0.138442,0.088202,9.761621
1754989685324,-0.145386,0.092924,9.75936
1754989685326,-0.152166,0.09641,9.757186
1754989685329,-0.157883,0.097971,9.756457
1754989685331,-0.161905,0.097655,9.758115
1754989685333,-0.164328,0.095088,9.764665
1754989685335,-0.164367,0.092665,9.771292
1754989685337,-0.163409,0.090826,9.777345
1754989685339,-0.161992,0.089859,9.780764
1754989685341,-0.160488,0.08962,9.780275
1754989685344,-0.158621,0.089754,9.773515
1754989685345,-0.157088,0.089467,9.76568
1754989685346,-0.155173,0.088538,9.757386
1754989685348,-0.152444,0.087187,9.751335
1754989685351,-0.148622,0.085827,9.748816
1754989685353,-0.142043,0.084755,9.750979
1754989685355,-0.13668,0.084707,9.755012
1754989685358,-0.131882,0.085052,9.759762
1754989685360,-0.12876,0.085205,9.761572
1754989685362,-0.128166,0.084783,9.760413
1754989685362,-0.131499,0.082533,9.754686
1754989685364,-0.136699,0.079736,9.748644
1754989685366,-0.143212,0.076835,9.74306
1754989685369,-0.149772,0.074287,9.740437
1754989685371,-0.155432,0.072832,9.739813
1754989685374,-0.159846,0.072947,9.743846
1754989685376,-0.160153,0.073808,9.748758
1754989685378,-0.15795,0.07467,9.75233
1754989685380,-0.153727,0.074785,9.755117
1754989685382,-0.148536,0.073732,9.756007
1754989685383,-0.142302,0.071146,9.75526
1754989685384,-0.13939,0.069212,9.75485
1754989685386,-0.138414,0.068139,9.754783
1754989685389,-0.138988,0.068647,9.756133
1754989685391,-0.140032,0.070658,9.75889
1754989685394,-0.140473,0.074996,9.7623
1754989685395,-0.139467,0.078559,9.764771
1754989685396,-0.137523,0.081432,9.766467
1754989685398,-0.135627,0.083127,9.766438
1754989685400,-0.134631,0.083376,9.765987
1754989685402,-0.135426,0.081681,9.764091
1754989685405,-0.137303,0.079574,9.761784
1754989685407,-0.139352,0.077563,9.759522
1754989685411,-0.140827,0.076442,9.756678
1754989685412,-0.141536,0.076873,9.75437
1754989685413,-0.141727,0.079928,9.751688
1754989685414,-0.142254,0.083404,9.749899
1754989685416,-0.14369,0.086661,9.749305
1754989685419,-0.145797,0.088442,9.748463
1754989685421,-0.147684,0.088001,9.747044
1754989685424,-0.14801,0.085071,9.746354
1754989685427,-0.144409,0.079277,9.745914
1754989685428,-0.138509,0.075389,9.74622
1754989685429,-0.130848,0.073694,9.748327
1754989685431,-0.121443,0.075743,9.752254
1754989685433,-0.118542,0.078559,9.753892
1754989685435,-0.118178,0.08555,9.756525
1754989685438,-0.122937,0.090309,9.75709
1754989685438,-0.130599,0.092991,9.756907
1754989685441,-0.138912,0.092828,9.756784
1754989685442,-0.145424,0.090214,9.757234
1754989685445,-0.148364,0.084381,9.758211
1754989685447,-0.145807,0.080215,9.75798
1754989685449,-0.140406,0.077371,9.756037
1754989685452,-0.134343,0.076634,9.752322
1754989685454,-0.129574,0.078051,9.747159
1754989685454,-0.127515,0.081748,9.742092
1754989685457,-0.129153,0.085061,9.740895
1754989685458,-0.132294,0.087733,9.743511
1754989685462,-0.135608,0.089218,9.749323
1754989685464,-0.137925,0.089763,9.757215
1754989685465,-0.138902,0.088873,9.767138
1754989685466,-0.13918,0.087245,9.772231
1754989685468,-0.140214,0.085425,9.774529
1754989685470,-0.142675,0.083682,9.774826
1754989685473,-0.146707,0.082437,9.774071
1754989685476,-0.152942,0.082993,9.77318
1754989685478,-0.15638,0.08531,9.773696
1754989685479,-0.157385,0.088825,9.774596
1754989685481,-0.155709,0.092847,9.774961
1754989685483,-0.152022,0.096132,9.773908
1754989685485,-0.146439,0.097837,9.769521
1754989685487,-0.143911,0.097032,9.76387
1754989685490,-0.143853,0.095308,9.758191
1754989685492,-0.146314,0.093891,9.753021
1754989685492,-0.150519,0.093661,9.749955
1754989685494,-0.156447,0.095529,9.749382
1754989685496,-0.159348,0.097482,9.750522
1754989685498,-0.160182,0.098612,9.751478
1754989685500,-0.158898,0.097808,9.751678
1754989685502,-0.156054,0.094964,9.749544
1754989685505,-0.151677,0.089275,9.744966
1754989685507,-0.149312,0.085157,9.742295
1754989685509,-0.148373,0.082121,9.74192
1754989685511,-0.149092,0.080436,9.74442
1754989685513,-0.151055,0.079669,9.750463
1754989685515,-0.153938,0.078511,9.760356
1754989685516,-0.154924,0.076624,9.766207
1754989685518,-0.153976,0.074048,9.768841
1754989685520,-0.150863,0.07129,9.767251
1754989685523,-0.146056,0.069259,9.761294
1754989685524,-0.139199,0.069202,9.750522
1754989685527,-0.135512,0.071615,9.743778
1754989685529,-0.134296,0.075858,9.739966
1754989685531,-0.135799,0.081365,9.74079
1754989685533,-0.139323,0.087101,9.74624
1754989685536,-0.144907,0.09324,9.757665
1754989685536,-0.147981,0.095596,9.766927
1754989685538,-0.149073,0.095634,9.77494
1754989685544,-0.148105,0.093412,9.779568
1754989685545,-0.145788,0.089965,9.780199
1754989685546,-0.142512,0.085818,9.775057
1754989685546,-0.141267,0.084621,9.76752
1754989685549,-0.141612,0.085789,9.758124
1754989685551,-0.143288,0.088997,9.749257
1754989685553,-0.145644,0.092857,9.741816
1754989685555,-0.148144,0.096333,9.73673
1754989685557,-0.148728,0.096027,9.73697
1754989685559,-0.148029,0.092905,9.739842
1754989685561,-0.146554,0.087944,9.744287
1754989685564,-0.144658,0.081135,9.751039
1754989685564,-0.143796,0.077917,9.755184
1754989685566,-0.143355,0.077247,9.757703
1754989685568,-0.142848,0.078932,9.759226
1754989685570,-0.141804,0.081776,9.759378
1754989685572,-0.140042,0.084649,9.758986
1754989685575,-0.137389,0.086986,9.758746
1754989685577,-0.136316,0.087561,9.758901
1754989685579,-0.136786,0.088087,9.759409
1754989685581,-0.138892,0.089505,9.760183
1754989685583,-0.142043,0.092368,9.760289
1754989685585,-0.145989,0.098153,9.759102
1754989685587,-0.147377,0.102568,9.756907
1754989685589,-0.146832,0.105498,9.753575
1754989685592,-0.144619,0.105929,9.750023
1754989685593,-0.141593,0.103353,9.746125
1754989685594,-0.137983,0.096266,9.741768
1754989685596,-0.136833,0.089763,9.739583
1754989685599,-0.137351,0.083615,9.738012
1754989685601,-0.139553,0.079104,9.737573
1754989685603,-0.142953,0.076576,9.738462
1754989685605,-0.148364,0.076279,9.741959
1754989685608,-0.152233,0.077898,9.746584
1754989685609,-0.155374,0.080311,9.752302
1754989685611,-0.157347,0.083079,9.758173
1754989685613,-0.157845,0.085684,9.76322
1754989685615,-0.156131,0.088394,9.766639
1754989685617,-0.153468,0.089744,9.766017
1754989685619,-0.150231,0.090472,9.762635
1754989685622,-0.147176,0.090836,9.757474
1754989685623,-0.144926,0.09119,9.752292
1754989685624,-0.143604,0.092301,9.748088
1754989685626,-0.143298,0.093834,9.748672
1754989685628,-0.142714,0.095797,9.752234
1754989685630,-0.141047,0.097425,9.757675
1754989685633,-0.138078,0.097913,9.763065
1754989685635,-0.134468,0.096525,9.766484
1754989685637,-0.131231,0.091784,9.766064
1754989685640,-0.132055,0.087273,9.761918
1754989685641,-0.13645,0.083816,9.756075
1754989685644,-0.143892,0.083251,9.750846
1754989685646,-0.152214,0.08644,9.747964
1754989685648,-0.159645,0.095634,9.74961
1754989685649,-0.159377,0.103506,9.754398
1754989685650,-0.153248,0.109042,9.760365
1754989685652,-0.142761,0.109741,9.765124
1754989685656,-0.131355,0.104751,9.766687
1754989685657,-0.121032,0.091248,9.762118
1754989685659,-0.120122,0.079832,9.754734
1754989685661,-0.125159,0.071175,9.746116
1754989685663,-0.133817,0.067957,9.738262
1754989685665,-0.142426,0.070801,9.733282
1754989685667,-0.148536,0.081499,9.732171
1754989685669,-0.147512,0.090826,9.735312
1754989685672,-0.142953,0.097636,9.740341
1754989685673,-0.137695,0.099934,9.746029
1754989685674,-0.134736,0.097406,9.751287
1754989685677,-0.136824,0.08916,9.757512
1754989685678,-0.142187,0.082696,9.763508
1754989685681,-0.148259,0.078673,9.771608
1754989685683,-0.152319,0.078377,9.782833
1754989685685,-0.152549,0.08146,9.796067
1754989685687,-0.147148,0.088413,9.811773
1754989685689,-0.141018,0.093173,9.817548
1754989685692,-0.136182,0.096084,9.814618
1754989685694,-0.134707,0.096592,9.802321
1754989685695,-0.137456,0.095174,9.78265
1754989685696,-0.146238,0.091832,9.752562
1754989685698,-0.153813,0.08917,9.735159
1754989685700,-0.159454,0.08667,9.726636
1754989685703,-0.161321,0.084161,9.727966
1754989685705,-0.15885,0.081479,9.736825
1754989685708,-0.150452,0.078108,9.752848
1754989685711,-0.142943,0.076289,9.763613
1754989685712,-0.136977,0.076088,9.770066
1754989685713,-0.134219,0.078022,9.771895
1754989685715,-0.13532,0.082112,9.771168
1754989685717,-0.141344,0.089304,9.770038
1754989685719,-0.147196,0.09414,9.770901
1754989685723,-0.151926,0.096735,9.772405
1754989685724,-0.154234,0.095969,9.773352
1754989685725,-0.153784,0.091612,9.771188
1754989685727,-0.150011,0.081805,9.762548
1754989685729,-0.146889,0.073904,9.752637
1754989685731,-0.145089,0.067852,9.743414
1754989685733,-0.145606,0.065285,9.738062
1754989685736,-0.148421,0.066904,9.737908
1754989685738,-0.154244,0.074613,9.746038
1754989685739,-0.158218,0.082361,9.755127
1754989685740,-0.160067,0.089447,9.763095
1754989685742,-0.158716,0.094016,9.766619
1754989685746,-0.154053,0.095184,9.765241
1754989685748,-0.144006,0.091688,9.75826
1754989685749,-0.13579,0.087005,9.752178
1754989685750,-0.129105,0.082351,9.748567
1754989685752,-0.12537,0.079076,9.749046
1754989685755,-0.125044,0.077706,9.753068
1754989685758,-0.128674,0.078013,9.760336
1754989685759,-0.132802,0.078559,9.764694
1754989685762,-0.136479,0.078223,9.766092
1754989685764,-0.139084,0.076576,9.764513
1754989685765,-0.14052,0.073885,9.760231
1754989685766,-0.141823,0.070275,9.754352
1754989685768,-0.142905,0.068666,9.751219
1754989685771,-0.144102,0.068924,9.750607
1754989685773,-0.144935,0.071079,9.752541
1754989685775,-0.144514,0.074862,9.75666
1754989685777,-0.14121,0.080886,9.763621
1754989685779,-0.137274,0.084927,9.768993
1754989685781,-0.133357,0.087455,9.773706
1754989685784,-0.130838,0.087762,9.776809
1754989685786,-0.130848,0.085875,9.777987
1754989685788,-0.135349,0.080914,9.775047
1754989685789,-0.141191,0.076749,9.770363
1754989685790,-0.147741,0.073579,9.763469
1754989685792,-0.153593,0.072477,9.756352
1754989685794,-0.157605,0.073694,9.750156
1754989685797,-0.158889,0.077955,9.745954
1754989685799,-0.156859,0.0817,9.74511
1754989685801,-0.153028,0.084697,9.746058
1754989685804,-0.148632,0.086277,9.74689
1754989685806,-0.145089,0.086344,9.746469
1754989685809,-0.143422,0.085665,9.743462
1754989685810,-0.144983,0.085511,9.740389
1754989685811,-0.148105,0.086507,9.73853
1754989685813,-0.151218,0.088576,9.73807
1754989685815,-0.152942,0.091104,9.740265
1754989685817,-0.151342,0.093556,9.745454
1754989685819,-0.147646,0.093901,9.749639
1754989685822,-0.143212,0.09279,9.752445
1754989685824,-0.139745,0.090759,9.754466
1754989685827,-0.1385,0.088595,9.755998
1754989685828,-0.140808,0.086737,9.758047
1754989685829,-0.144476,0.086277,9.760969
1754989685831,-0.148412,0.08623,9.763938
1754989685833,-0.151275,0.085904,9.766418
1754989685835,-0.152271,0.084649,9.76639
1754989685837,-0.151448,0.082418,9.764014
1754989685840,-0.148259,0.07852,9.75755
1754989685842,-0.145491,0.076337,9.752608
1754989685844,-0.143154,0.075829,9.749535
1754989685845,-0.141746,0.077543,9.750118
1754989685846,-0.141411,0.081202,9.754265
1754989685848,-0.14234,0.087072,9.762395
1754989685850,-0.143671,0.090175,9.768918
1754989685852,-0.145137,0.090788,9.773198
1754989685854,-0.146401,0.08871,9.774951
1754989685857,-0.147052,0.084697,9.773696
1754989685859,-0.146496,0.079238,9.769616
1754989685861,-0.144926,0.07693,9.765567
1754989685863,-0.142809,0.077055,9.762261
1754989685865,-0.140674,0.079133,9.759886
1754989685867,-0.139295,0.081939,9.758785
1754989685870,-0.139793,0.084803,9.759303
1754989685872,-0.14189,0.085406,9.760796
1754989685874,-0.144916,0.085109,9.763065
1754989685875,-0.147856,0.084726,9.764848
1754989685878,-0.149743,0.085147,9.766025
1754989685879,-0.149571,0.08691,9.765019
1754989685880,-0.147655,0.08848,9.762098
1754989685882,-0.144974,0.08915,9.757281
1754989685884,-0.142503,0.088557,9.751823
1754989685887,-0.141133,0.086919,9.746757
1754989685889,-0.141584,0.084793,9.743175
1754989685891,-0.143374,0.084822,9.74443
1754989685893,-0.145453,0.087091,9.748835
1754989685895,-0.146994,0.091506,9.755731
1754989685897,-0.147071,0.096984,9.762548
1754989685899,-0.14438,0.103238,9.769099
1754989685901,-0.140894,0.104943,9.76911
1754989685904,-0.137255,0.103228,9.765652
1754989685906,-0.134765,0.098172,9.759676
1754989685907,-0.134487,0.091142,9.753806
1754989685908,-0.137954,0.082389,9.749247
1754989685911,-0.142608,0.078875,9.750023
1754989685912,-0.147531,0.07942,9.753692
1754989685915,-0.151141,0.083778,9.758603
1754989685917,-0.152472,0.090367,9.763517
1754989685920,-0.150212,0.098181,9.767548
1754989685921,-0.146621,0.10048,9.768861
1754989685924,-0.142934,0.098679,9.768534
1754989685926,-0.140635,0.093834,9.767509
1754989685928,-0.141124,0.086344,9.764119
1754989685929,-0.144054,0.083222,9.759954
1754989685930,-0.147895,0.083452,9.753958
1754989685932,-0.151132,0.086546,9.747437
1754989685934,-0.152559,0.090558,9.741892
1754989685937,-0.151438,0.092972,9.739162
1754989685939,-0.146975,0.091286,9.742485
1754989685941,-0.14303,0.086325,9.750319
1754989685944,-0.140195,0.080225,9.761065
1754989685946,-0.139285,0.075264,9.771417
1754989685947,-0.140425,0.073167,9.779098
1754989685948,-0.143508,0.074824,9.781223
1754989685950,-0.1455,0.077658,9.776904
1754989685953,-0.146372,0.079315,9.768582
1754989685955,-0.146152,0.07831,9.759504
1754989685957,-0.145462,0.074469,9.751756
1754989685959,-0.14528,0.067842,9.745655
1754989685962,-0.146123,0.06517,9.744841
1754989685964,-0.147445,0.067038,9.746374
1754989685965,-0.148373,0.074201,9.749419
1754989685966,-0.148086,0.085071,9.752724
1754989685968,-0.145462,0.100365,9.757502
1754989685971,-0.142206,0.107844,9.761045
1754989685973,-0.138797,0.109453,9.764665
1754989685975,-0.136134,0.105115,9.76727
1754989685977,-0.134841,0.096927,9.768756
1754989685979,-0.135196,0.08555,9.767385
1754989685982,-0.136527,0.080857,9.763948
1754989685984,-0.137992,0.081211,9.759072
1754989685985,-0.138931,0.086095,9.754888
1754989685987,-0.138864,0.093336,9.752838
1754989685989,-0.137082,0.101572,9.755175
1754989685992,-0.135004,0.103611,9.760692
1754989685993,-0.133146,0.101102,9.768362
1754989685995,-0.132351,0.094983,9.776425
1754989685998,-0.133347,0.087245,9.783129
1754989686000,-0.137552,0.078836,9.78858
1754989686004,-0.141967,0.075934,9.789986
1754989686005,-0.146171,0.076432,9.789536
1754989686007,-0.148881,0.079526,9.787296
1754989686008,-0.14936,0.083615,9.784203
1754989686008,-0.146401,0.087829,9.778542
1754989686011,-0.142608,0.089016,9.773457
1754989686013,-0.138845,0.088432,9.767241
1754989686015,-0.136335,0.086986,9.760605
1754989686017,-0.135857,0.085645,9.753345
1754989686020,-0.138385,0.085406,9.744775
1754989686022,-0.141718,0.086546,9.739498
1754989686024,-0.144926,0.08825,9.736912
1754989686025,-0.146707,0.089409,9.737352
1754989686027,-0.145989,0.089179,9.741096
1754989686029,-0.142455,0.087159,9.747178
1754989686031,-0.134114,0.082102,9.756563
1754989686033,-0.126883,0.077725,9.762845
1754989686036,-0.120907,0.074115,9.767337
1754989686038,-0.118015,0.072305,9.77001
1754989686040,-0.119423,0.072525,9.77113
1754989686042,-0.128166,0.075609,9.771292
1754989686044,-0.138117,0.078922,9.771043
1754989686046,-0.148642,0.081901,9.770593
1754989686048,-0.157404,0.08373,9.769349
1754989686050,-0.162691,0.08395,9.767807
1754989686053,-0.16362,0.082006,9.763938
1754989686054,-0.160747,0.079985,9.759895
1754989686055,-0.156657,0.078635,9.754197
1754989686058,-0.153018,0.078903,9.747553
1754989686060,-0.150806,0.080876,9.740445
1754989686062,-0.150385,0.085511,9.733924
1754989686064,-0.150863,0.088901,9.733368
1754989686065,-0.150883,0.091142,9.737974
1754989686066,-0.14981,0.091631,9.746863
1754989686069,-0.147828,0.090644,9.75871
1754989686070,-0.145529,0.088116,9.773055
1754989686073,-0.145941,0.086718,9.778725
1754989686075,-0.149101,0.086249,9.778179
1754989686078,-0.154732,0.086689,9.772758
1754989686080,-0.161245,0.087589,9.764052
1754989686082,-0.167125,0.088461,9.753164
1754989686084,-0.166608,0.088097,9.749094
1754989686085,-0.160842,0.086479,9.750587
1754989686087,-0.150835,0.08351,9.756823
1754989686088,-0.139266,0.079574,9.765661
1754989686090,-0.127285,0.074373,9.77543
1754989686093,-0.124336,0.071931,9.778323
1754989686095,-0.127534,0.071989,9.775536
1754989686097,-0.135368,0.075034,9.767797
1754989686099,-0.144734,0.080675,9.758153
1754989686102,-0.153602,0.08939,9.747016
1754989686104,-0.154282,0.093939,9.744181
1754989686106,-0.149484,0.094964,9.746279
1754989686108,-0.141277,0.092062,9.752302
1754989686110,-0.132725,0.086459,9.759102
1754989686112,-0.12627,0.078846,9.766398
1754989686112,-0.127218,0.075934,9.766963
1754989686114,-0.13261,0.076988,9.763602
1754989686116,-0.140157,0.081614,9.756927
1754989686120,-0.146947,0.088107,9.749859
1754989686123,-0.150969,0.095548,9.744584
1754989686124,-0.149417,0.097626,9.744575
1754989686126,-0.145251,0.09573,9.748346
1754989686127,-0.140674,0.090644,9.755692
1754989686129,-0.138011,0.083883,9.763975
1754989686131,-0.139467,0.075829,9.775018
1754989686133,-0.143959,0.072765,9.779299
1754989686135,-0.149571,0.0731,9.780458
1754989686137,-0.154072,0.076231,9.778906
1754989686139,-0.155527,0.08101,9.775928
1754989686141,-0.151141,0.087197,9.772431
1754989686143,-0.143757,0.090395,9.769761
1754989686145,-0.134755,0.091909,9.767721
1754989686148,-0.126586,0.0921,9.766936
1754989686150,-0.121424,0.09164,9.766351
1754989686152,-0.121654,0.090664,9.766006
1754989686153,-0.127247,0.08962,9.76343
1754989686154,-0.135991,0.087838,9.759293
1754989686156,-0.145673,0.084994,9.753711
1754989686158,-0.153813,0.081163,9.74825
1754989686160,-0.158793,0.07582,9.743241
1754989686162,-0.157021,0.073081,9.743904
1754989686165,-0.151026,0.072573,9.74847
1754989686167,-0.142742,0.074728,9.755922
1754989686169,-0.134343,0.079267,9.76387
1754989686172,-0.126816,0.087398,9.771465
1754989686174,-0.125447,0.093527,9.773284
1754989686176,-0.127506,0.09867,9.771618
1754989686177,-0.131604,0.102137,9.76796
1754989686178,-0.135885,0.103698,9.764081
1754989686180,-0.138979,0.102864,9.760719
1754989686183,-0.138347,0.100193,9.759791
1754989686185,-0.135617,0.096237,9.75915
1754989686187,-0.131882,0.091727,9.757051
1754989686189,-0.12854,0.087609,9.752762
1754989686192,-0.126433,0.084439,9.745388
1754989686193,-0.127065,0.084755,9.740226
1754989686196,-0.129296,0.087302,9.7381
1754989686198,-0.132409,0.091085,9.740216
1754989686199,-0.13556,0.0946,9.745886
1754989686201,-0.13849,0.095787,9.755998
1754989686203,-0.139381,0.092809,9.761705
1754989686205,-0.139026,0.08667,9.763517
1754989686207,-0.137753,0.078559,9.761112
1754989686209,-0.136163,0.070361,9.755884
1754989686211,-0.134343,0.062623,9.748444
1754989686213,-0.133893,0.060612,9.746201
1754989686215,-0.134305,0.062163,9.748013
1754989686218,-0.135368,0.066453,9.753268
1754989686220,-0.136575,0.072267,9.760183
1754989686222,-0.137446,0.080167,9.767941
1754989686223,-0.137284,0.084937,9.770585
1754989686224,-0.136508,0.088222,9.770058
1754989686226,-0.135751,0.089984,9.767452
1754989686229,-0.135694,0.090434,9.764531
1754989686231,-0.137609,0.089878,9.762836
1754989686233,-0.140597,0.089064,9.764197
1754989686236,-0.144208,0.088231,9.767088
1754989686237,-0.147464,0.087551,9.769837
1754989686240,-0.149456,0.087226,9.771052
1754989686242,-0.149063,0.087743,9.768285
1754989686243,-0.146592,0.089342,9.76319
1754989686244,-0.142982,0.092186,9.756861
1754989686246,-0.139113,0.096142,9.750827
1754989686249,-0.135924,0.100556,9.746584
1754989686251,-0.133788,0.105201,9.74488
1754989686253,-0.133941,0.106159,9.746116
1754989686256,-0.135464,0.104004,9.748489
1754989686258,-0.137916,0.09867,9.750855
1754989686260,-0.140645,0.091095,9.752771
1754989686262,-0.143786,0.080685,9.75482
1754989686263,-0.145251,0.075168,9.756888
1754989686265,-0.145635,0.073186,9.759753
1754989686268,-0.145002,0.074996,9.763104
1754989686269,-0.143777,0.079411,9.765691
1754989686271,-0.141938,0.085866,9.76525
1754989686274,-0.141095,0.08848,9.76118
1754989686276,-0.141124,0.087953,9.754667
1754989686278,-0.142005,0.08441,9.747667
1754989686279,-0.143441,0.079535,9.742772
1754989686280,-0.145462,0.074412,9.742505
1754989686282,-0.146113,0.073741,9.74644
1754989686285,-0.145347,0.076356,9.751899
1754989686287,-0.142828,0.081547,9.756065
1754989686289,-0.138643,0.087724,9.757463
1754989686291,-0.1317,0.094485,9.755462
1754989686293,-0.127266,0.09708,9.753547
1754989686295,-0.125169,0.097176,9.754083
1754989686298,-0.126462,0.095347,9.758478
1754989686301,-0.131221,0.092359,9.766217
1754989686302,-0.141038,0.088116,9.77721
1754989686303,-0.148297,0.085502,9.781742
1754989686304,-0.153076,0.083424,9.781004
1754989686306,-0.15412,0.081642,9.775334
1754989686308,-0.151591,0.079449,9.766878
1754989686310,-0.145223,0.074709,9.756151
1754989686313,-0.14076,0.069403,9.751862
1754989686315,-0.138327,0.063245,9.751422
1754989686317,-0.138117,0.057528,9.754236
1754989686319,-0.139237,0.053917,9.75869
1754989686321,-0.140195,0.055038,9.763075
1754989686323,-0.139103,0.06109,9.763344
1754989686325,-0.136307,0.070753,9.760432
1754989686328,-0.132715,0.082083,9.754983
1754989686330,-0.12966,0.092502,9.747944
1754989686332,-0.128023,0.101054,9.73876
1754989686334,-0.12877,0.101993,9.73446
1754989686335,-0.130388,0.098584,9.734249
1754989686336,-0.131777,0.092253,9.740666
1754989686339,-0.132035,0.085013,9.754169
1754989686340,-0.130656,0.077247,9.779088
1754989686342,-0.129038,0.074249,9.796853
1754989686344,-0.128051,0.07401,9.8064
1754989686347,-0.128492,0.076059,9.802896
1754989686349,-0.130561,0.079497,9.785945
1754989686352,-0.133999,0.083376,9.760183
1754989686355,-0.139352,0.087915,9.728072
1754989686356,-0.143001,0.089965,9.717768
1754989686358,-0.145797,0.090386,9.724521
1754989686359,-0.147799,0.08916,9.745474
1754989686360,-0.149379,0.086488,9.771542
1754989686363,-0.151649,0.081901,9.796039
1754989686365,-0.153602,0.078903,9.797609
1754989686367,-0.155441,0.07717,9.785103
1754989686370,-0.156447,0.077189,9.765614
1754989686372,-0.155815,0.078769,9.749008
1754989686374,-0.151869,0.08193,9.745205
1754989686375,-0.146985,0.084046,9.758354
1754989686377,-0.141545,0.085396,9.779988
1754989686379,-0.137073,0.086153,9.801268
1754989686381,-0.134928,0.086919,9.814138
1754989686384,-0.136843,0.089371,9.810654
1754989686385,-0.141536,0.092818,9.794708
1754989686388,-0.147598,0.097214,9.773745
1754989686390,-0.152999,0.101562,9.754658
1754989686391,-0.156006,0.10433,9.74262
1754989686393,-0.154311,0.103477,9.739939
1754989686395,-0.149044,0.098794,9.745205
1754989686397,-0.142014,0.091344,9.752264
1754989686400,-0.135617,0.082552,9.757463
1754989686402,-0.132102,0.074364,9.759034
1754989686404,-0.134056,0.06767,9.756639
1754989686406,-0.140003,0.067105,9.754322
1754989686409,-0.147559,0.070198,9.754398
1754989686410,-0.154244,0.075781,9.758316
1754989686411,-0.157883,0.081968,9.76547
1754989686413,-0.156763,0.088135,9.776934
1754989686416,-0.152817,0.090032,9.783236
1754989686418,-0.148527,0.089725,9.785284
1754989686420,-0.146085,0.08825,9.782575
1754989686421,-0.146784,0.086948,9.776024
1754989686423,-0.152013,0.087206,9.764962
1754989686425,-0.157165,0.089256,9.75798
1754989686427,-0.161245,0.092167,9.75368
1754989686429,-0.162873,0.094897,9.752072
1754989686431,-0.161819,0.096381,9.752168
1754989686434,-0.157902,0.095385,9.752579
1754989686436,-0.154819,0.09256,9.751803
1754989686438,-0.152894,0.088767,9.749668
1754989686439,-0.15253,0.084927,9.747159
1754989686441,-0.153296,0.081987,9.745368
1754989686443,-0.15479,0.08033,9.74577
1754989686445,-0.155202,0.080771,9.748749
1754989686447,-0.154723,0.082389,9.75323
1754989686450,-0.153516,0.084611,9.757723
1754989686453,-0.151926,0.086919,9.760404
1754989686454,-0.149925,0.089629,9.758229
1754989686457,-0.14844,0.091066,9.751746
1754989686458,-0.146812,0.092004,9.742218
1754989686459,-0.144907,0.092483,9.732325
1754989686461,-0.142934,0.092579,9.72539
1754989686464,-0.141335,0.092205,9.725218
1754989686466,-0.141919,0.09188,9.732745
1754989686470,-0.144581,0.09187,9.74485
1754989686471,-0.149015,0.092205,9.757636
1754989686472,-0.154081,0.092952,9.766763
1754989686474,-0.158908,0.094197,9.768553
1754989686475,-0.159167,0.094494,9.762129
1754989686477,-0.155728,0.09368,9.752158
1754989686479,-0.149015,0.091391,9.742973
1754989686481,-0.140645,0.087791,9.738453
1754989686483,-0.130149,0.082025,9.742419
1754989686486,-0.124824,0.078405,9.75119
1754989686488,-0.122669,0.076595,9.761275
1754989686491,-0.123464,0.077266,9.769012
1754989686492,-0.126203,0.080522,9.771992
1754989686493,-0.130963,0.087695,9.768601
1754989686495,-0.134123,0.093776,9.76321
1754989686497,-0.136565,0.098967,9.758574
1754989686500,-0.138414,0.102299,9.75687
1754989686502,-0.140224,0.103343,9.758804
1754989686505,-0.143374,0.101562,9.765107
1754989686506,-0.146372,0.098871,9.769952
1754989686507,-0.149628,0.09573,9.773035
1754989686509,-0.152377,0.092598,9.77361
1754989686511,-0.153871,0.089524,9.77226
1754989686513,-0.153124,0.085138,9.76977
1754989686516,-0.150404,0.081968,9.768822
1754989686518,-0.146477,0.079555,9.769272
1754989686521,-0.142129,0.078951,9.770727
1754989686522,-0.138394,0.080962,9.772307
1754989686523,-0.13577,0.087513,9.773305
1754989686525,-0.13601,0.093853,9.772556
1754989686527,-0.138078,0.099379,9.770718
1754989686529,-0.141287,0.102223,9.768381
1754989686533,-0.144734,0.101438,9.766332
1754989686534,-0.148603,0.095481,9.765384
1754989686536,-0.150461,0.089323,9.766446
1754989686538,-0.151668,0.083768,9.768601
1754989686541,-0.152654,0.080436,9.770996
1754989686541,-0.153842,0.079985,9.772605
1754989686543,-0.15591,0.082916,9.771791
1754989686545,-0.157299,0.086402,9.768332
1754989686547,-0.157711,0.089668,9.763508
1754989686549,-0.156437,0.091727,9.758949
1754989686552,-0.153191,0.092301,9.755711
1754989686554,-0.146707,0.091583,9.754256
1754989686556,-0.141516,0.090654,9.755777
1754989686558,-0.137408,0.090003,9.75894
1754989686559,-0.135253,0.08984,9.762999
1754989686560,-0.135205,0.089773,9.767462
1754989686563,-0.137887,0.089198,9.773341
1754989686565,-0.140951,0.088471,9.776733
1754989686568,-0.144045,0.088087,9.778994
1754989686570,-0.146841,0.088854,9.779174
1754989686573,-0.14913,0.091583,9.777517
1754989686573,-0.150902,0.096199,9.7743
1754989686575,-0.152769,0.103717,9.768563
1754989686577,-0.153669,0.108419,9.764378
1754989686579,-0.15389,0.110603,9.760719
1754989686582,-0.153114,0.109568,9.758153
1754989686584,-0.151151,0.105651,9.756438
1754989686586,-0.146841,0.098114,9.755071
1754989686588,-0.142943,0.092809,9.753796
1754989686589,-0.139448,0.088988,9.752302
1754989686590,-0.137284,0.086814,9.75119
1754989686592,-0.137245,0.085751,9.751019
1754989686595,-0.141172,0.084362,9.753144
1754989686597,-0.14665,0.082303,9.755826
1754989686599,-0.1532,0.079143,9.758191
1754989686601,-0.159301,0.075446,9.759072
1754989686603,-0.163601,0.072104,9.757597
1754989686606,-0.165152,0.070006,9.75209
1754989686608,-0.163179,0.071031,9.747418
1754989686609,-0.15954,0.074201,9.743798
1754989686610,-0.155537,0.078788,9.742724
1754989686613,-0.15231,0.083577,9.744841
1754989686615,-0.149982,0.08825,9.751095
1754989686617,-0.149092,0.089648,9.756631
1754989686620,-0.147828,0.089285,9.761025
1754989686621,-0.145146,0.087733,9.763421
1754989686623,-0.140722,0.085856,9.763699
1754989686626,-0.133338,0.083845,9.762654
1754989686628,-0.128549,0.082763,9.762165
1754989686630,-0.126222,0.081604,9.762903
1754989686632,-0.127266,0.079938,9.764732
1754989686633,-0.131461,0.077467,9.766714
1754989686634,-0.139668,0.073416,9.767145
1754989686637,-0.145386,0.071002,9.764483
1754989686639,-0.148862,0.070198,9.75915
1754989686641,-0.149494,0.071625,9.752368
1754989686643,-0.147617,0.075053,9.746316
1754989686645,-0.14324,0.08101,9.743205
1754989686648,-0.1403,0.084534,9.74577
1754989686649,-0.138663,0.086057,9.751947
1754989686652,-0.138538,0.085349,9.759226
1754989686654,-0.139563,0.083261,9.764981
1754989686656,-0.141698,0.081144,9.766477
1754989686658,-0.142991,0.081997,9.76208
1754989686660,-0.143595,0.085617,9.754841
1754989686661,-0.143403,0.091334,9.747082
1754989686662,-0.142589,0.097415,9.742055
1754989686665,-0.141066,0.102922,9.741567
1754989686667,-0.140262,0.103516,9.745954
1754989686669,-0.140118,0.100997,9.752215
1754989686671,-0.141258,0.094964,9.759293
1754989686674,-0.142321,0.091861,9.76071
1754989686676,-0.144983,0.087455,9.758871
1754989686678,-0.146879,0.086383,9.754381
1754989686680,-0.148326,0.086862,9.749419
1754989686682,-0.149187,0.087973,9.74623
1754989686685,-0.149436,0.088777,9.746019
1754989686687,-0.148814,0.088384,9.750693
1754989686688,-0.14755,0.086948,9.756181
1754989686689,-0.145606,0.085138,9.761515
1754989686691,-0.14324,0.083491,9.76525
1754989686693,-0.141162,0.082562,9.766888
1754989686695,-0.14053,0.082667,9.7666
1754989686698,-0.142532,0.083395,9.766083
1754989686699,-0.146784,0.084391,9.766706
1754989686702,-0.152281,0.085167,9.768582
1754989686705,-0.157309,0.085435,9.771551
1754989686706,-0.160153,0.08508,9.775057
1754989686707,-0.15796,0.084544,9.775841
1754989686709,-0.152453,0.084209,9.774251
1754989686712,-0.145386,0.08463,9.770796
1754989686715,-0.139429,0.086124,9.766791
1754989686716,-0.137121,0.089668,9.763498
1754989686718,-0.140779,0.092713,9.764244
1754989686721,-0.148249,0.094791,9.767758
1754989686722,-0.156983,0.094906,9.773141
1754989686723,-0.164252,0.092531,9.777929
1754989686725,-0.167948,0.086536,9.780333
1754989686727,-0.165353,0.081882,9.777804
1754989686729,-0.159521,0.079181,9.772499
1754989686732,-0.152635,0.079535,9.766217
1754989686734,-0.14731,0.082964,9.761591
1754989686737,-0.14529,0.090003,9.760605
1754989686738,-0.147828,0.094715,9.763927
1754989686740,-0.152539,0.097425,9.769186
1754989686743,-0.157404,0.098105,9.774367
1754989686743,-0.160402,0.097846,9.777795
1754989686745,-0.159301,0.09844,9.778408
1754989686748,-0.154531,0.100518,9.77678
1754989686749,-0.147579,0.103439,9.774634
1754989686752,-0.140185,0.105412,9.773066
1754989686754,-0.134104,0.104607,9.772431
1754989686756,-0.129986,0.097731,9.77248
1754989686771,-0.130321,0.089486,9.771398
1754989686772,-0.132849,0.081652,9.767731
1754989686773,-0.13646,0.077065,9.761572
1754989686774,-0.14054,0.078281,9.752954
1754989686775,-0.145654,0.088978,9.741269
1754989686775,-0.149063,0.100901,9.735332
1754989686776,-0.152195,0.111972,9.734795
1754989686777,-0.15478,0.118628,9.740646
1754989686778,-0.156169,0.118523,9.752972
1754989686778,-0.15501,0.108256,9.774788
1754989686779,-0.151582,0.0964,9.790475
1754989686780,-0.146276,0.085176,9.801574
1754989686782,-0.140377,0.077716,9.805999
1754989686784,-0.135349,0.075829,9.803729
1754989686786,-0.131949,0.081259,9.793875
1754989686789,-0.132428,0.088155,9.785208
1754989686791,-0.134621,0.094207,9.77835
1754989686792,-0.137351,0.097185,9.773935
1754989686793,-0.139381,0.096391,9.77135
1754989686795,-0.139927,0.091123,9.768304
1754989686798,-0.139074,0.0869,9.76481
1754989686800,-0.138078,0.084669,9.760519
1754989686802,-0.137992,0.085186,9.756649
1754989686804,-0.139381,0.087992,9.754609
1754989686805,-0.141909,0.091439,9.755548
1754989686807,-0.145567,0.093795,9.761074
1754989686809,-0.147052,0.092598,9.766467
1754989686811,-0.146525,0.089055,9.770756
1754989686814,-0.14415,0.084554,9.771848
1754989686816,-0.140856,0.08078,9.76866
1754989686819,-0.137839,0.078348,9.758536
1754989686821,-0.138672,0.078626,9.748414
1754989686822,-0.143212,0.079765,9.738895
1754989686824,-0.151237,0.080608,9.732534
1754989686826,-0.16475,0.080551,9.731521
1754989686828,-0.173714,0.079784,9.737151
1754989686831,-0.178847,0.079114,9.74667
1754989686832,-0.178387,0.079373,9.757942
1754989686833,-0.171865,0.080618,9.768362
1754989686835,-0.160507,0.082542,9.775746
1754989686838,-0.142512,0.085128,9.778418
1754989686841,-0.130656,0.086306,9.775555
1754989686842,-0.123014,0.086651,9.769875
1754989686844,-0.12061,0.086277,9.763238
1754989686845,-0.122564,0.085291,9.757846
1754989686849,-0.128473,0.083376,9.754217
1754989686850,-0.132074,0.081336,9.754715
1754989686853,-0.132782,0.079028,9.756601
1754989686854,-0.130216,0.077199,9.758507
1754989686855,-0.125265,0.076547,9.759179
1754989686857,-0.118657,0.078999,9.756881
1754989686859,-0.116693,0.083577,9.753594
1754989686861,-0.118657,0.08962,9.750885
1754989686863,-0.124125,0.095433,9.750243
1754989686866,-0.13126,0.099034,9.752264
1754989686868,-0.139065,0.097645,9.757627
1754989686870,-0.141181,0.091506,9.760863
1754989686872,-0.139917,0.082179,9.761229
1754989686873,-0.137006,0.072008,9.757492
1754989686874,-0.134851,0.063743,9.750933
1754989686876,-0.136872,0.059003,9.741855
1754989686880,-0.142876,0.060947,9.739546
1754989686881,-0.151141,0.066722,9.743299
1754989686883,-0.159052,0.07422,9.753202
1754989686885,-0.163993,0.081403,9.767088
1754989686887,-0.163735,0.087973,9.785188
1754989686889,-0.159214,0.090156,9.793981
1754989686892,-0.153248,0.090625,9.795818
1754989686894,-0.148306,0.090357,9.79148
1754989686896,-0.146037,0.090185,9.782296
1754989686899,-0.147741,0.090941,9.767337
1754989686900,-0.151218,0.092263,9.756907
1754989686901,-0.154742,0.093747,9.749017
1754989686903,-0.156686,0.094916,9.744381
1754989686905,-0.156351,0.095251,9.743222
1754989686908,-0.152712,0.093824,9.74691
1754989686910,-0.148747,0.091468,9.752848
1754989686913,-0.145098,0.088595,9.760307
1754989686914,-0.1428,0.085885,9.767692
1754989686917,-0.142359,0.084104,9.772902
1754989686918,-0.144591,0.084209,9.773198
1754989686920,-0.14754,0.086076,9.768113
1754989686921,-0.15049,0.088767,9.75939
1754989686923,-0.152386,0.091324,9.749773
1754989686925,-0.152444,0.092579,9.742648
1754989686927,-0.149561,0.090913,9.741201
1754989686929,-0.145759,0.086641,9.74782
1754989686931,-0.141622,0.080043,9.758996
1754989686934,-0.138174,0.072046,9.771751
1754989686936,-0.135895,0.063753,9.7822
1754989686938,-0.134583,0.05499,9.787947
1754989686940,-0.134219,0.051973,9.785792
1754989686942,-0.133482,0.052883,9.779548
1754989686944,-0.131911,0.057873,9.772192
1754989686945,-0.129612,0.066023,9.766102
1754989686949,-0.126701,0.07875,9.763363
1754989686951,-0.125916,0.086881,9.766121
1754989686952,-0.127247,0.091822,9.771215
1754989686953,-0.130695,0.092675,9.776963
1754989686955,-0.135359,0.089735,9.781022
1754989686957,-0.140951,0.082504,9.781684
1754989686959,-0.142857,0.077103,9.77881
1754989686961,-0.142158,0.073483,9.773706
1754989686964,-0.139496,0.07241,9.768113
1754989686966,-0.136632,0.073741,9.763803
1754989686969,-0.135972,0.077543,9.76117
1754989686970,-0.139419,0.080675,9.760921
1754989686972,-0.145979,0.083232,9.760423
1754989686974,-0.153775,0.085052,9.75826
1754989686976,-0.160172,0.086344,9.754064
1754989686979,-0.162633,0.088001,9.746354
1754989686980,-0.15887,0.089524,9.74126
1754989686981,-0.151591,0.091286,9.738712
1754989686983,-0.143355,0.093278,9.739947
1754989686985,-0.136948,0.095232,9.744659
1754989686987,-0.134573,0.09731,9.754103
1754989686989,-0.1376,0.097942,9.761485
1754989686991,-0.143164,0.097147,9.766753
1754989686993,-0.149111,0.094619,9.769272
1754989686996,-0.153564,0.090281,9.768927
1754989686998,-0.15591,0.082552,9.765555
1754989687000,-0.155355,0.076643,9.763009
1754989687003,-0.15389,0.071826,9.761439
1754989687003,-0.152214,0.069135,9.761304
1754989687005,-0.150365,0.069049,9.762195
1754989687007,-0.147952,0.0715,9.763719
1754989687009,-0.143039,0.077716,9.765567
1754989687012,-0.138299,0.083481,9.766858
1754989687014,-0.133683,0.089007,9.768391
1754989687017,-0.130608,0.093345,9.770277
1754989687019,-0.130436,0.095864,9.77226
1754989687020,-0.135043,0.095605,9.774012
1754989687023,-0.140913,0.092962,9.773066
1754989687024,-0.146698,0.089064,9.769626
1754989687025,-0.150174,0.084975,9.764435
1754989687027,-0.150097,0.081805,9.759006
1754989687029,-0.144552,0.080426,9.755291
1754989687032,-0.138576,0.081796,9.757111
1754989687033,-0.133654,0.084745,9.762989
1754989687036,-0.131959,0.088461,9.771177
1754989687038,-0.134497,0.091976,9.779165
1754989687040,-0.143039,0.094935,9.785188
1754989687042,-0.150394,0.095203,9.784393
1754989687045,-0.155537,0.09391,9.779739
1754989687047,-0.156571,0.091449,9.772816
1754989687047,-0.152942,0.088499,9.766017
1754989687049,-0.142963,0.085032,9.759618
1754989687051,-0.134717,0.083395,9.758134
1754989687053,-0.128262,0.08283,9.758661
1754989687055,-0.125054,0.083462,9.76005
1754989687058,-0.125236,0.085052,9.760682
1754989687060,-0.129019,0.088528,9.758871
1754989687062,-0.132744,0.091707,9.756075
1754989687065,-0.135809,0.094964,9.752801
1754989687067,-0.137686,0.097846,9.750979
1754989687068,-0.138289,0.099924,9.751995
1754989687069,-0.137724,0.100671,9.758737
1754989687072,-0.137035,0.099503,9.767203
1754989687073,-0.136584,0.096831,9.777345
1754989687076,-0.136718,0.092905,9.786702
1754989687079,-0.137485,0.088336,9.793549
1754989687080,-0.139515,0.082514,9.796403
1754989687083,-0.141612,0.079555,9.794058
1754989687083,-0.143824,0.07853,9.788445
1754989687085,-0.145721,0.079612,9.781386
1754989687087,-0.146918,0.082495,9.77362
1754989687089,-0.147425,0.087666,9.764551
1754989687091,-0.14733,0.091277,9.758727
1754989687094,-0.147473,0.093747,9.754447
1754989687097,-0.148421,0.094619,9.751678
1754989687098,-0.150289,0.093901,9.750607
1754989687100,-0.153401,0.091075,9.751593
1754989687103,-0.15502,0.088145,9.754064
1754989687103,-0.154847,0.085032,9.75781
1754989687105,-0.152262,0.082016,9.76277
1754989687107,-0.147531,0.07942,9.768199
1754989687109,-0.139793,0.076863,9.775975
1754989687112,-0.134861,0.075676,9.781176
1754989687114,-0.132294,0.075235,9.785638
1754989687116,-0.132629,0.075599,9.788291
1754989687119,-0.135454,0.07693,9.789163
1754989687120,-0.140865,0.07988,9.786501
1754989687121,-0.144179,0.082504,9.782228
1754989687123,-0.145567,0.084573,9.776617
1754989687125,-0.144686,0.085463,9.771437
1754989687128,-0.142053,0.084669,9.767835
1754989687131,-0.137753,0.081317,9.767482
1754989687133,-0.135521,0.078128,9.770556
1754989687134,-0.135062,0.075618,9.775334
1754989687136,-0.136565,0.074718,9.779529
1754989687138,-0.139649,0.075676,9.780974
1754989687140,-0.144763,0.079286,9.776253
1754989687142,-0.148259,0.082428,9.767787
1754989687145,-0.150749,0.084965,9.757416
1754989687146,-0.152128,0.086038,9.748069
1754989687147,-0.152808,0.085511,9.743051
1754989687150,-0.153717,0.082619,9.745358
1754989687152,-0.155441,0.079583,9.753298
1754989687155,-0.158391,0.076662,9.763276
1754989687157,-0.162557,0.074642,9.772117
1754989687158,-0.167288,0.07401,9.776703
1754989687159,-0.172632,0.07581,9.774864
1754989687163,-0.174509,0.078721,9.76911
1754989687164,-0.173742,0.082236,9.762798
1754989687166,-0.170362,0.085732,9.758421
1754989687169,-0.165037,0.08871,9.756841
1754989687170,-0.157088,0.091842,9.75826
1754989687171,-0.152396,0.094111,9.759025
1754989687173,-0.149753,0.096869,9.757895
1754989687175,-0.149446,0.100183,9.754381
1754989687178,-0.150653,0.103372,9.749899
1754989687180,-0.151926,0.105335,9.746624
1754989687182,-0.151179,0.103765,9.748357
1754989687184,-0.14778,0.09845,9.754447
1754989687186,-0.142359,0.090233,9.76277
1754989687188,-0.136441,0.080713,9.770288
1754989687190,-0.131988,0.072401,9.774367
1754989687192,-0.130896,0.06699,9.771857
1754989687195,-0.134094,0.068886,9.763862
1754989687196,-0.139371,0.07536,9.753318
1754989687197,-0.144562,0.084515,9.744296
1754989687199,-0.147531,0.093585,9.739803
1754989687201,-0.145931,0.101351,9.744726
1754989687203,-0.141028,0.102271,9.754161
1754989687205,-0.13488,0.099072,9.766944
1754989687207,-0.129727,0.093288,9.779893
1754989687209,-0.127247,0.086929,9.79057
1754989687212,-0.129316,0.080819,9.797868
1754989687214,-0.134066,0.079219,9.797552
1754989687216,-0.140128,0.080234,9.79353
1754989687218,-0.147579,0.083768,9.784441
1754989687219,-0.150289,0.085655,9.780305
1754989687223,-0.15275,0.088365,9.77362
1754989687223,-0.151898,0.088854,9.771455
1754989687225,-0.148938,0.088193,9.770796
1754989687227,-0.144504,0.086929,9.771791
1754989687229,-0.139352,0.085473,9.772594
1754989687232,-0.132897,0.084027,9.772117
1754989687234,-0.129651,0.0835,9.769933
1754989687236,-0.128511,0.083184,9.766322
1754989687238,-0.12967,0.082878,9.761965
1754989687240,-0.132744,0.082179,9.757741
1754989687242,-0.138461,0.0808,9.755203
1754989687244,-0.142398,0.079775,9.755864
1754989687247,-0.145089,0.079564,9.759706
1754989687249,-0.145855,0.08078,9.765088
1754989687250,-0.14461,0.083778,9.770803
1754989687251,-0.140789,0.089984,9.775918
1754989687253,-0.137523,0.094906,9.775975
1754989687255,-0.135043,0.098804,9.772921
1754989687258,-0.134152,0.100489,9.767731
1754989687261,-0.135004,0.099704,9.763027
1754989687262,-0.138002,0.095672,9.759963
1754989687264,-0.140425,0.09188,9.762378
1754989687267,-0.14189,0.088633,9.767921
1754989687268,-0.141746,0.086507,9.774826
1754989687269,-0.140204,0.085597,9.780639
1754989687271,-0.13736,0.085234,9.782008
1754989687273,-0.136211,0.084975,9.777115
1754989687275,-0.136987,0.084333,9.76798
1754989687278,-0.139793,0.083443,9.75825
1754989687280,-0.14371,0.082638,9.751143
1754989687282,-0.147626,0.082159,9.749793
1754989687284,-0.147263,0.082293,9.755385
1754989687287,-0.142915,0.082571,9.763613
1754989687289,-0.135282,0.082629,9.77114
1754989687290,-0.126481,0.082044,9.773849
1754989687291,-0.118005,0.080464,9.769003
1754989687294,-0.117325,0.079229,9.760461
1754989687296,-0.122487,0.078875,9.752254
1754989687299,-0.132141,0.080081,9.74828
1754989687300,-0.143202,0.082839,9.750559
1754989687302,-0.154081,0.087877,9.763498
1754989687304,-0.156112,0.090922,9.775545
1754989687306,-0.152357,0.091928,9.785314
1754989687309,-0.144524,0.090233,9.788425
1754989687310,-0.135751,0.086287,9.784058
1754989687314,-0.127927,0.080349,9.769339
1754989687316,-0.127486,0.077898,9.757253
1754989687316,-0.131911,0.078568,9.749179
1754989687318,-0.1394,0.082293,9.747896
1754989687320,-0.147425,0.087666,9.753643
1754989687322,-0.154809,0.09391,9.766687
1754989687324,-0.156274,0.095931,9.775611
1754989687326,-0.154646,0.095203,9.779432
1754989687328,-0.151553,0.092857,9.777728
1754989687330,-0.148814,0.090491,9.771235
1754989687333,-0.147885,0.089859,9.761744
1754989687335,-0.149446,0.091832,9.757607
1754989687335,-0.151812,0.095059,9.758365
1754989687337,-0.153507,0.098038,9.762941
1754989687339,-0.153373,0.099283,9.768764
1754989687341,-0.149714,0.09708,9.773066
1754989687344,-0.145232,0.092866,9.771072
1754989687347,-0.140492,0.087771,9.764723
1754989687348,-0.136776,0.083002,9.755912
1754989687350,-0.13488,0.079593,9.74828
1754989687352,-0.135866,0.07763,9.743989
1754989687354,-0.138979,0.077936,9.747245
1754989687356,-0.143499,0.079076,9.754408
1754989687358,-0.148373,0.080857,9.763114
1754989687362,-0.152645,0.08304,9.770133
1754989687364,-0.155815,0.086258,9.77318
1754989687365,-0.155671,0.088815,9.770747
1754989687365,-0.153574,0.091085,9.766264
1754989687367,-0.150318,0.092608,9.76253
1754989687369,-0.14709,0.093048,9.761784
1754989687373,-0.144725,0.091851,9.766591
1754989687374,-0.14528,0.089917,9.772786
1754989687376,-0.14755,0.087762,9.778629
1754989687377,-0.150662,0.085751,9.781503
1754989687382,-0.153583,0.084161,9.780323
1754989687383,-0.155623,0.082619,9.773066
1754989687384,-0.155556,0.081556,9.765901
1754989687386,-0.154704,0.080503,9.759819
1754989687388,-0.153918,0.079631,9.756448
1754989687390,-0.154014,0.079401,9.756065
1754989687393,-0.155652,0.08101,9.758345
1754989687395,-0.157328,0.084075,9.759993
1754989687398,-0.158333,0.088394,9.760251
1754989687399,-0.157778,0.093106,9.75916
1754989687400,-0.15434,0.098373,9.757627
1754989687402,-0.150471,0.100365,9.758679
1754989687404,-0.146525,0.100336,9.762712
1754989687406,-0.14371,0.098622,9.769453
1754989687410,-0.14256,0.09594,9.777135
1754989687411,-0.142972,0.093163,9.783417
1754989687413,-0.144964,0.090434,9.786386
1754989687414,-0.146152,0.089419,9.783772
1754989687415,-0.146209,0.089112,9.778169
1754989687418,-0.144907,0.08915,9.771561
1754989687420,-0.142675,0.089227,9.765901
1754989687421,-0.139869,0.089122,9.761715
1754989687424,-0.139314,0.088873,9.761035
1754989687426,-0.140645,0.088633,9.761381
1754989687428,-0.143575,0.088499,9.761496
1754989687431,-0.147081,0.088643,9.760566
1754989687433,-0.150346,0.089332,9.757522
1754989687434,-0.150375,0.090146,9.754725
1754989687435,-0.148038,0.091248,9.752234
1754989687437,-0.143968,0.092426,9.750732
1754989687440,-0.139266,0.093345,9.750128
1754989687443,-0.134343,0.093336,9.749716
1754989687444,-0.132984,0.091842,9.748998
1754989687447,-0.134066,0.088901,9.74779
1754989687449,-0.137398,0.085023,9.746699
1754989687450,-0.142417,0.081144,9.746795
1754989687451,-0.150279,0.077984,9.750636
1754989687453,-0.156064,0.078377,9.756496
1754989687455,-0.161091,0.081403,9.763738
1754989687458,-0.165028,0.086402,9.770507
1754989687460,-0.167766,0.091966,9.774616
1754989687462,-0.169672,0.097482,9.77362
1754989687464,-0.169615,0.098612,9.768093
1754989687466,-0.167996,0.096678,9.760319
1754989687469,-0.16453,0.092129,9.752876
1754989687471,-0.158946,0.086086,9.748318
1754989687473,-0.148881,0.078137,9.749064
1754989687474,-0.140588,0.07378,9.754466
1754989687476,-0.132993,0.071682,9.762156
1754989687479,-0.127439,0.07197,9.769673
1754989687480,-0.124623,0.074239,9.774999
1754989687483,-0.124882,0.079018,9.77721
1754989687484,-0.127237,0.08282,9.775805
1754989687485,-0.130379,0.085971,9.773361
1754989687488,-0.133443,0.088193,9.771282
1754989687490,-0.136182,0.089447,9.770058
1754989687493,-0.13941,0.089926,9.768861
1754989687494,-0.141794,0.089562,9.766927
1754989687496,-0.144351,0.088585,9.763037
1754989687499,-0.146956,0.086804,9.757425
1754989687501,-0.149389,0.084218,9.751344
1754989687503,-0.151879,0.0801,9.745474
1754989687504,-0.152846,0.077649,9.744737
1754989687506,-0.152913,0.076691,9.747676
1754989687508,-0.152089,0.077974,9.753336
1754989687510,-0.150413,0.081633,9.760011
1754989687513,-0.14754,0.088662,9.767346
1754989687516,-0.145405,0.093767,9.770258
1754989687517,-0.143786,0.097051,9.770939
1754989687518,-0.143269,0.097501,9.770239
1754989687520,-0.14392,0.095011,9.769578
1754989687522,-0.146544,0.088442,9.770125
1754989687525,-0.149293,0.082811,9.77158
1754989687527,-0.15207,0.078128,9.773198
1754989687528,-0.154445,0.075255,9.773888
1754989687530,-0.15615,0.074393,9.773111
1754989687532,-0.15751,0.075925,9.770114
1754989687534,-0.158247,0.078262,9.767653
1754989687536,-0.158985,0.0808,9.766477
1754989687539,-0.159559,0.083117,9.767203
1754989687542,-0.159588,0.084745,9.769922
1754989687544,-0.157682,0.08531,9.775075
1754989687545,-0.154359,0.084343,9.778064
1754989687545,-0.149848,0.082265,9.77902
1754989687548,-0.145242,0.079507,9.777528
1754989687551,-0.141852,0.076796,9.774089
1754989687553,-0.140798,0.074939,9.768841
1754989687555,-0.14234,0.075666,9.766428
1754989687556,-0.14438,0.078214,9.766629
1754989687557,-0.144993,0.081977,9.769588
1754989687559,-0.142896,0.085779,9.774471
1754989687562,-0.135933,0.088978,9.781292
1754989687564,-0.129536,0.08916,9.78424
1754989687566,-0.124776,0.087551,9.784212
1754989687569,-0.123723,0.085004,9.781397
1754989687571,-0.127142,0.082389,9.776809
1754989687573,-0.136948,0.080282,9.770585
1754989687574,-0.145481,0.080043,9.767529
1754989687576,-0.15231,0.080732,9.766477
1754989687577,-0.155757,0.081997,9.767127
1754989687580,-0.155336,0.083337,9.768974
1754989687583,-0.150002,0.084525,9.771656
1754989687585,-0.144418,0.084582,9.77316
1754989687587,-0.139333,0.083673,9.773945
1754989687588,-0.136163,0.081891,9.773878
1754989687589,-0.13578,0.079804,9.773006
1754989687591,-0.139659,0.078099,9.770277
1754989687594,-0.145012,0.079018,9.766953
1754989687595,-0.151093,0.082485,9.762798
1754989687597,-0.156361,0.088384,9.75826
1754989687600,-0.15955,0.095653,9.754161
1754989687602,-0.159703,0.104828,9.750933
1754989687604,-0.157376,0.109405,9.750979
1754989687606,-0.154407,0.111235,9.753345
1754989687608,-0.152415,0.110497,9.757435
1754989687610,-0.152491,0.108065,9.762175
1754989687612,-0.155786,0.104205,9.767346
1754989687615,-0.159195,0.101945,9.769377
1754989687617,-0.161398,0.100556,9.769896
1754989687619,-0.160977,0.09979,9.769856
1754989687620,-0.157309,0.09913,9.770641
1754989687621,-0.148555,0.097521,9.774711
1754989687623,-0.141402,0.095462,9.779903
1754989687625,-0.13577,0.092809,9.785638
1754989687627,-0.132974,0.08984,9.789872
1754989687630,-0.133386,0.087053,9.790666
1754989687632,-0.137667,0.084238,9.785055
1754989687634,-0.14211,0.083165,9.776904
1754989687636,-0.146362,0.08304,9.767854
1754989687638,-0.149743,0.083682,9.760385
1754989687641,-0.152032,0.084736,9.756324
1754989687643,-0.153535,0.085856,9.756812
1754989687645,-0.153583,0.085885,9.759791
1754989687647,-0.152683,0.08508,9.762798
1754989687649,-0.150787,0.083711,9.763958
1754989687650,-0.148029,0.082399,9.76232
1754989687653,-0.143987,0.082083,9.757195
1754989687654,-0.141564,0.083634,9.753404
1754989687655,-0.14031,0.086804,9.751995
1754989687658,-0.140415,0.090932,9.754227
1754989687660,-0.141315,0.095174,9.760068
1754989687662,-0.14235,0.099359,9.770803
1754989687664,-0.142091,0.100528,9.778179
1754989687666,-0.14099,0.099924,9.78264
1754989687668,-0.139754,0.097999,9.783321
1754989687670,-0.139544,0.095395,9.780582
1754989687672,-0.142388,0.091918,9.774232
1754989687675,-0.146678,0.089677,9.769789
1754989687677,-0.151783,0.087657,9.767032
1754989687678,-0.156207,0.085559,9.766294
1754989687679,-0.158678,0.083155,9.767002
1754989687681,-0.1584,0.079756,9.768573
1754989687683,-0.156485,0.077668,9.769216
1754989687686,-0.154665,0.076538,9.769042
1754989687688,-0.154244,0.076806,9.768332
1754989687691,-0.155843,0.078386,9.767424
1754989687692,-0.160134,0.081518,9.76639
1754989687695,-0.163179,0.083768,9.765729
1754989687697,-0.164271,0.085301,9.764818
1754989687699,-0.162317,0.086,9.763498
1754989687701,-0.157328,0.086239,9.761909
1754989687703,-0.147607,0.086632,9.760174
1754989687704,-0.140233,0.087408,9.760269
1754989687705,-0.134822,0.088451,9.762195
1754989687707,-0.132533,0.089275,9.76594
1754989687710,-0.133654,0.089275,9.770776
1754989687712,-0.139122,0.08736,9.77655
1754989687714,-0.144342,0.084697,9.778667
1754989687717,-0.148795,0.0817,9.778064
1754989687719,-0.151534,0.079248,9.775009
1754989687721,-0.152405,0.077898,9.770641
1754989687724,-0.151754,0.078166,9.765337
1754989687725,-0.151132,0.079526,9.763391
1754989687726,-0.151179,0.081336,9.763699
1754989687728,-0.151965,0.083232,9.765834
1754989687730,-0.152836,0.085224,9.769042
1754989687732,-0.152875,0.08758,9.772366
1754989687734,-0.150634,0.091755,9.77587
1754989687736,-0.147291,0.095509,9.777804
1754989687738,-0.143556,0.099005,9.779366
1754989687744,-0.140578,0.101093,9.780725
1754989687745,-0.139228,0.100643,9.781913
1754989687746,-0.140386,0.095146,9.782669
1754989687747,-0.142522,0.088087,9.781778
1754989687748,-0.144571,0.080311,9.778896
1754989687750,-0.145481,0.074153,9.773677
1754989687752,-0.144849,0.071625,9.766484
1754989687754,-0.142292,0.075389,9.755787
1754989687757,-0.140559,0.082533,9.749208
1754989687759,-0.140291,0.090903,9.745866
1754989687761,-0.142187,0.097818,9.746718
1754989687762,-0.145979,0.100997,9.751412
1754989687764,-0.15208,0.097837,9.760901
1754989687765,-0.155192,0.090884,9.767394
1754989687768,-0.155441,0.082188,9.771111
1754989687770,-0.152338,0.074201,9.771265
1754989687772,-0.146477,0.069078,9.768458
1754989687774,-0.137351,0.068647,9.7632
1754989687776,-0.132342,0.072994,9.760644
1754989687779,-0.130685,0.079947,9.760519
1754989687781,-0.132754,0.087657,9.76277
1754989687783,-0.137638,0.094197,9.76638
1754989687784,-0.144773,0.098756,9.770708
1754989687785,-0.147521,0.098574,9.772058
1754989687788,-0.146468,0.096285,9.771512
1754989687790,-0.141603,0.093326,9.769636
1754989687792,-0.134707,0.091372,9.767357
1754989687795,-0.127103,0.092387,9.765203
1754989687798,-0.125581,0.095921,9.764503
1754989687798,-0.129028,0.100815,9.764167
1754989687800,-0.136537,0.105393,9.763391
1754989687802,-0.145864,0.107911,9.761476
1754989687804,-0.156504,0.106121,9.757099
1754989687807,-0.160565,0.100729,9.753355
1754989687809,-0.160804,0.092914,9.750463
1754989687811,-0.158391,0.084458,9.749535
1754989687813,-0.155365,0.077103,9.751086
1754989687815,-0.15344,0.071376,9.756324
1754989687816,-0.154627,0.070686,9.761074
1754989687818,-0.157625,0.072506,9.764943
1754989687820,-0.161101,0.075877,9.766973
1754989687824,-0.163821,0.079602,9.766953
1754989687825,-0.164941,0.083893,9.764934
1754989687828,-0.163763,0.086163,9.763152
1754989687829,-0.161465,0.087714,9.762041
1754989687831,-0.158506,0.088758,9.761391
1754989687833,-0.155106,0.08939,9.7605
1754989687835,-0.150193,0.089668,9.75756
1754989687836,-0.146401,0.089313,9.753537
1754989687838,-0.14303,0.088451,9.748683
1754989687840,-0.140827,0.087024,9.744545
1754989687842,-0.14052,0.085224,9.742782
1754989687845,-0.143604,0.083002,9.745675
1754989687847,-0.147904,0.082064,9.751661
1754989687849,-0.152913,0.082341,9.75915
1754989687851,-0.157644,0.083835,9.765998
1754989687853,-0.161273,0.08621,9.770372
1754989687854,-0.163486,0.088643,9.771177
1754989687856,-0.164376,0.090319,9.767118
