1754813505247,-0.060267,0.250472,9.702628
1754813505249,-0.061952,0.251295,9.699801
1754813505250,-0.06336,0.254274,9.700665
1754813505250,-0.062288,0.256486,9.705893
1754813505251,-0.058849,0.257712,9.715413
1754813505253,-0.053333,0.257626,9.728446
1754813505255,-0.04684,0.256524,9.743481
1754813505257,-0.039274,0.254973,9.762865
1754813505258,-0.035999,0.254877,9.774232
1754813505259,-0.035195,0.256208,9.781425
1754813505263,-0.036373,0.258555,9.784491
1754813505264,-0.038211,0.260815,9.78492
1754813505266,-0.038968,0.261284,9.785197
1754813505268,-0.036775,0.258315,9.787697
1754813505270,-0.032092,0.252378,9.792984
1754813505272,-0.025532,0.24462,9.800233
1754813505274,-0.018627,0.237083,9.807177
1754813505276,-0.011645,0.231069,9.811869
1754813505278,-0.009711,0.231414,9.81008
1754813505280,-0.011253,0.235656,9.803988
1754813505283,-0.01607,0.24214,9.795503
1754813505285,-0.023272,0.24824,9.787143
1754813505287,-0.034113,0.251908,9.780007
1754813505289,-0.041228,0.250022,9.778677
1754813505291,-0.046227,0.244946,9.780036
1754813505293,-0.048708,0.238913,9.782439
1754813505296,-0.049033,0.23444,9.784222
1754813505297,-0.047989,0.234019,9.78378
1754813505298,-0.047616,0.238223,9.781367
1754813505300,-0.048325,0.244764,9.77789
1754813505302,-0.049981,0.251343,9.774271
1754813505304,-0.0516,0.255777,9.771197
1754813505306,-0.05138,0.256448,9.768476
1754813505308,-0.048468,0.25367,9.767281
1754813505310,-0.043622,0.250127,9.76637
1754813505313,-0.038518,0.247915,9.765098
1754813505315,-0.035291,0.248595,9.762932
1754813505317,-0.037062,0.254159,9.75801
1754813505320,-0.043086,0.26002,9.752963
1754813505321,-0.051427,0.265019,9.747427
1754813505323,-0.059376,0.267317,9.742447
1754813505324,-0.064222,0.266034,9.739182
1754813505328,-0.063418,0.259484,9.738578
1754813505329,-0.058083,0.252655,9.740943
1754813505330,-0.051102,0.246114,9.744927
1754813505332,-0.045049,0.241412,9.749562
1754813505334,-0.041908,0.239545,9.753863
1754813505336,-0.043211,0.242102,9.758345
1754813505338,-0.047137,0.247235,9.760863
1754813505340,-0.051676,0.253929,9.763009
1754813505342,-0.05521,0.260508,9.765479
1754813505345,-0.056848,0.266216,9.769922
1754813505347,-0.055641,0.26658,9.774309
1754813505349,-0.052979,0.263333,9.779231
1754813505351,-0.049905,0.257444,9.783915
1754813505353,-0.047175,0.25074,9.78722
1754813505355,-0.045203,0.245128,9.788291
1754813505357,-0.044312,0.241671,9.785715
1754813505359,-0.044743,0.242581,9.781472
1754813505362,-0.045921,0.245693,9.776511
1754813505362,-0.047625,0.249801,9.772079
1754813505364,-0.04955,0.253651,9.768909
1754813505366,-0.05182,0.256965,9.766083
1754813505368,-0.052644,0.257635,9.763764
1754813505370,-0.052222,0.256869,9.760155
1754813505372,-0.050106,0.254887,9.754946
1754813505374,-0.046141,0.251975,9.749409
1754813505376,-0.038805,0.24735,9.745492
1754813505379,-0.032858,0.244046,9.748337
1754813505381,-0.027696,0.241652,9.757962
1754813505383,-0.024622,0.240809,9.773878
1754813505385,-0.024316,0.241805,9.793491
1754813505387,-0.028165,0.245588,9.818516
1754813505389,-0.033461,0.249227,9.830956
1754813505391,-0.039476,0.25254,9.834661
1754813505394,-0.0448,0.254733,9.829012
1754813505396,-0.048325,0.255691,9.815728
1754813505398,-0.049742,0.255768,9.792314
1754813505398,-0.048823,0.255988,9.775726
1754813505400,-0.047214,0.257089,9.763305
1754813505402,-0.046103,0.259177,9.755941
1754813505404,-0.046093,0.261983,9.752522
1754813505406,-0.047645,0.265325,9.749793
1754813505408,-0.049129,0.266513,9.746019
1754813505411,-0.049637,0.266111,9.739717
1754813505413,-0.048267,0.264147,9.731961
1754813505415,-0.044685,0.261207,9.725189
1754813505417,-0.037129,0.257223,9.722383
1754813505419,-0.030627,0.25527,9.72681
1754813505421,-0.024746,0.25482,9.73605
1754813505423,-0.020466,0.255854,9.747724
1754813505425,-0.018397,0.257923,9.758737
1754813505427,-0.01879,0.260901,9.76796
1754813505428,-0.020887,0.262203,9.769492
1754813505429,-0.023894,0.262146,9.767107
1754813505432,-0.027361,0.260767,9.762568
1754813505434,-0.03101,0.258478,9.757761
1754813505438,-0.035856,0.255289,9.753393
1754813505439,-0.038958,0.253766,9.752522
1754813505440,-0.041113,0.253393,9.753489
1754813505442,-0.041831,0.254197,9.755615
1754813505444,-0.040912,0.255682,9.75801
1754813505447,-0.037675,0.257492,9.759714
1754813505449,-0.034515,0.25798,9.75889
1754813505451,-0.031565,0.257338,9.755932
1754813505453,-0.029487,0.255701,9.751219
1754813505455,-0.028615,0.253584,9.745598
1754813505457,-0.029391,0.25096,9.739229
1754813505459,-0.03122,0.249658,9.737142
1754813505461,-0.033892,0.249045,9.738436
1754813505463,-0.036976,0.248872,9.743435
1754813505464,-0.040012,0.248748,9.751431
1754813505468,-0.043057,0.248173,9.764301
1754813505468,-0.043958,0.247292,9.773017
1754813505470,-0.04346,0.246143,9.778906
1754813505472,-0.041937,0.245013,9.780649
1754813505474,-0.040223,0.244391,9.777948
1754813505477,-0.039217,0.245128,9.769367
1754813505478,-0.040165,0.247446,9.761888
1754813505480,-0.042435,0.251286,9.756065
1754813505483,-0.04504,0.2564,9.753718
1754813505485,-0.046821,0.261916,9.755444
1754813505487,-0.04639,0.267586,9.762482
1754813505489,-0.04412,0.26907,9.768573
1754813505491,-0.041266,0.267279,9.772778
1754813505493,-0.039332,0.262443,9.773438
1754813505495,-0.039696,0.255691,9.769971
1754813505497,-0.043996,0.246775,9.760893
1754813505498,-0.04887,0.242619,9.753212
1754813505500,-0.05317,0.241958,9.747064
1754813505502,-0.055201,0.244831,9.743731
1754813505504,-0.054195,0.250108,9.743366
1754813505506,-0.048803,0.257731,9.746326
1754813505508,-0.044015,0.261581,9.749399
1754813505510,-0.040768,0.262855,9.752072
1754813505512,-0.040443,0.261935,9.754016
1754813505514,-0.043325,0.260298,9.755521
1754813505516,-0.049866,0.259713,9.758105
1754813505519,-0.054224,0.261753,9.761343
1754813505521,-0.056111,0.265555,9.765709
1754813505523,-0.054875,0.269635,9.770478
1754813505525,-0.051399,0.272182,9.774665
1754813505527,-0.046409,0.271071,9.777585
1754813505529,-0.044848,0.266982,9.77721
1754813505531,-0.046103,0.261581,9.775144
1754813505533,-0.049455,0.25684,9.77228
1754813505536,-0.053017,0.254513,9.769722
1754813505538,-0.054128,0.25618,9.768008
1754813505538,-0.050297,0.260135,9.768036
1754813505540,-0.042531,0.264674,9.768621
1754813505542,-0.03258,0.268266,9.769445
1754813505544,-0.023358,0.269807,9.770239
1754813505546,-0.017315,0.268361,9.771704
1754813505548,-0.019853,0.265507,9.773696
1754813505550,-0.028453,0.262156,9.776703
1754813505553,-0.040893,0.25912,9.780343
1754813505555,-0.053668,0.25684,9.783838
1754813505557,-0.065027,0.254753,9.78674
1754813505559,-0.066386,0.253536,9.786912
1754813505561,-0.061608,0.252358,9.78537
1754813505563,-0.052845,0.251382,9.782882
1754813505565,-0.043402,0.251094,9.780056
1754813505568,-0.034678,0.252569,9.776235
1754813505569,-0.032734,0.255394,9.773228
1754813505572,-0.033931,0.259196,9.769472
1754813505572,-0.036296,0.26296,9.764627
1754813505574,-0.037819,0.265747,9.758727
1754813505576,-0.036986,0.266724,9.750397
1754813505578,-0.034965,0.265488,9.745358
1754813505580,-0.033471,0.26342,9.742581
1754813505582,-0.034199,0.261418,9.742811
1754813505585,-0.0378,0.260125,9.745876
1754813505587,-0.045882,0.259637,9.752981
1754813505589,-0.052174,0.259742,9.758928
1754813505591,-0.056589,0.259771,9.763994
1754813505593,-0.058045,0.259646,9.767299
1754813505595,-0.056752,0.25978,9.768524
1754813505597,-0.052921,0.260958,9.767673
1754813505600,-0.05069,0.262701,9.766169
1754813505600,-0.050355,0.264607,9.764934
1754813505602,-0.052031,0.265641,9.764561
1754813505604,-0.054741,0.264981,9.765115
1754813505606,-0.05702,0.261121,9.76681
1754813505608,-0.056015,0.257003,9.768018
1754813505610,-0.052289,0.253393,9.768534
1754813505612,-0.047022,0.251592,9.76798
1754813505615,-0.042234,0.252378,9.766197
1754813505617,-0.039907,0.256735,9.762359
1754813505619,-0.042397,0.260834,9.759293
1754813505621,-0.047731,0.264061,9.757099
1754813505623,-0.05385,0.265354,9.756888
1754813505625,-0.058275,0.264655,9.759378
1754813505627,-0.058591,0.261983,9.766552
1754813505629,-0.054626,0.260183,9.773305
1754813505631,-0.048803,0.259704,9.77903
1754813505634,-0.04346,0.260843,9.781722
1754813505636,-0.040567,0.263027,9.780333
1754813505638,-0.041286,0.265785,9.772891
1754813505638,-0.043709,0.266293,9.765623
1754813505640,-0.045375,0.264856,9.759639
1754813505642,-0.044513,0.261725,9.756823
1754813505644,-0.040673,0.257846,9.757703
1754813505646,-0.033145,0.253488,9.762434
1754813505648,-0.028874,0.251889,9.765584
1754813505651,-0.028185,0.251966,9.765872
1754813505653,-0.031661,0.253268,9.762165
1754813505655,-0.037991,0.254954,9.754783
1754813505657,-0.046055,0.25639,9.742188
1754813505659,-0.047894,0.256247,9.733674
1754813505661,-0.044178,0.254992,9.727861
1754813505663,-0.035137,0.252866,9.725325
1754813505665,-0.022879,0.250462,9.725677
1754813505668,-0.00725,0.247829,9.728906
1754813505669,-0.000306,0.246852,9.732372
1754813505672,0.000354,0.247225,9.736807
1754813505672,-0.005449,0.249016,9.743002
1754813505674,-0.016185,0.251975,9.751678
1754813505676,-0.033145,0.257099,9.767213
1754813505678,-0.04368,0.260901,9.780313
1754813505680,-0.049694,0.264033,9.792439
1754813505682,-0.050202,0.265938,9.801393
1754813505684,-0.045911,0.266427,9.805625
1754813505687,-0.036229,0.264875,9.803681
1754813505689,-0.029104,0.262376,9.797983
1754813505691,-0.024105,0.259024,9.790475
1754813505693,-0.021711,0.255117,9.782785
1754813505695,-0.021519,0.250855,9.775937
1754813505697,-0.02309,0.245051,9.768343
1754813505699,-0.024679,0.241125,9.763583
1754813505701,-0.026576,0.238079,9.759446
1754813505703,-0.02919,0.236557,9.756104
1754813505706,-0.032839,0.236969,9.754064
1754813505708,-0.039255,0.24056,9.754304
1754813505710,-0.044187,0.245061,9.7573
1754813505710,-0.047951,0.250213,9.762539
1754813505712,-0.049541,0.255069,9.769242
1754813505714,-0.04865,0.25889,9.776224
1754813505716,-0.044388,0.261658,9.783704
1754813505718,-0.040108,0.262165,9.786347
1754813505720,-0.036124,0.261839,9.785734
1754813505723,-0.033174,0.261428,9.781759
1754813505725,-0.031632,0.261437,9.774874
1754813505727,-0.031565,0.261983,9.766092
1754813505729,-0.033423,0.263305,9.75392
1754813505731,-0.035999,0.264004,9.746566
1754813505733,-0.039322,0.263918,9.742208
1754813505735,-0.043172,0.262807,9.741892
1754813505737,-0.047118,0.260815,9.74553
1754813505740,-0.051724,0.257798,9.754841
1754813505742,-0.053956,0.256429,9.763058
1754813505742,-0.054751,0.256553,9.770182
1754813505744,-0.05408,0.258459,9.774961
1754813505746,-0.052203,0.261887,9.776924
1754813505748,-0.048717,0.26726,9.77611
1754813505750,-0.046189,0.270181,9.774157
1754813505752,-0.044283,0.270679,9.771819
1754813505755,-0.043191,0.26793,9.769157
1754813505757,-0.042885,0.261983,9.765604
1754813505759,-0.043144,0.251238,9.758652
1754813505761,-0.04344,0.243873,9.751661
1754813505763,-0.043613,0.239803,9.744057
1754813505765,-0.043622,0.240579,9.737391
1754813505768,-0.043852,0.249112,9.732822
1754813505770,-0.044551,0.258842,9.73403
1754813505772,-0.045959,0.268026,9.739086
1754813505772,-0.047903,0.273581,9.746777
1754813505776,-0.050096,0.273705,9.755242
1754813505777,-0.051782,0.268735,9.763009
1754813505778,-0.052069,0.258047,9.770564
1754813505780,-0.05046,0.251315,9.774241
1754813505783,-0.04753,0.248652,9.777029
1754813505784,-0.044082,0.250922,9.779913
1754813505787,-0.041075,0.256812,9.783523
1754813505789,-0.039035,0.265364,9.78926
1754813505791,-0.039179,0.268534,9.792889
1754813505793,-0.040251,0.267183,9.794344
1754813505795,-0.04142,0.26183,9.792457
1754813505797,-0.041899,0.254781,9.786731
1754813505799,-0.040883,0.247666,9.774634
1754813505801,-0.039284,0.246804,9.764904
1754813505804,-0.037781,0.250156,9.75756
1754813505806,-0.03712,0.256294,9.754916
1754813505808,-0.037828,0.262749,9.758066
1754813505808,-0.040654,0.267825,9.769847
1754813505810,-0.043115,0.267432,9.780947
1754813505812,-0.044695,0.263966,9.790245
1754813505814,-0.044456,0.2591,9.794794
1754813505816,-0.042052,0.254858,9.793415
1754813505818,-0.036306,0.252684,9.78424
1754813505820,-0.031623,0.253958,9.775468
1754813505823,-0.028137,0.256745,9.76887
1754813505825,-0.026892,0.259608,9.766772
1754813505827,-0.028271,0.261361,9.769568
1754813505829,-0.033394,0.261332,9.778084
1754813505831,-0.038403,0.259934,9.78424
1754813505833,-0.043067,0.258181,9.786998
1754813505836,-0.046553,0.256582,9.784796
1754813505838,-0.048353,0.255059,9.77791
1754813505840,-0.048066,0.252205,9.765039
1754813505842,-0.046285,0.2487,9.756065
1754813505843,-0.043747,0.243845,9.750137
1754813505844,-0.04096,0.238271,9.748145
1754813505846,-0.038384,0.233387,9.749524
1754813505848,-0.035741,0.230562,9.754045
1754813505850,-0.0344,0.232601,9.757071
1754813505853,-0.033624,0.238185,9.758737
1754813505855,-0.033519,0.245999,9.758976
1754813505857,-0.034352,0.254006,9.758756
1754813505859,-0.037589,0.261198,9.759809
1754813505861,-0.041745,0.262242,9.762548
1754813505863,-0.047185,0.259541,9.766695
1754813505866,-0.053132,0.254322,9.771043
1754813505867,-0.058591,0.24847,9.774089
1754813505869,-0.062374,0.243854,9.774568
1754813505872,-0.063485,0.241326,9.770363
1754813505874,-0.061062,0.242044,9.764378
1754813505876,-0.056235,0.24395,9.757444
1754813505878,-0.050048,0.245837,9.750998
1754813505878,-0.04368,0.246842,9.746326
1754813505880,-0.036966,0.246746,9.743846
1754813505882,-0.034352,0.246373,9.744688
1754813505884,-0.033988,0.246679,9.747446
1754813505886,-0.035415,0.248145,9.751661
1754813505888,-0.037589,0.250529,9.756812
1754813505890,-0.039638,0.25368,9.764235
1754813505893,-0.039418,0.254676,9.769253
1754813505895,-0.037532,0.253824,9.772768
1754813505897,-0.034371,0.251267,9.774021
1754813505899,-0.030186,0.247091,9.771446
1754813505901,-0.028587,0.245147,9.766667
1754813505903,-0.029133,0.245406,9.760605
1754813505905,-0.032121,0.248193,9.754868
1754813505907,-0.036995,0.252943,9.750742
1754813505909,-0.04299,0.258401,9.749218
1754813505912,-0.051025,0.264176,9.751373
1754813505914,-0.055967,0.266034,9.755107
1754813505914,-0.059223,0.265258,9.759465
1754813505916,-0.060564,0.26227,9.763276
1754813505918,-0.059903,0.258229,9.765958
1754813505920,-0.056206,0.253335,9.767873
1754813505922,-0.052069,0.251487,9.768773
1754813505925,-0.047702,0.251765,9.770229
1754813505927,-0.043086,0.25503,9.773897
1754813505929,-0.041822,0.257386,9.776494
1754813505931,-0.041717,0.261839,9.782353
1754813505933,-0.043029,0.263841,9.785994
1754813505935,-0.044388,0.264224,9.787823
1754813505937,-0.044724,0.263056,9.787085
1754813505940,-0.04346,0.261131,9.783562
1754813505942,-0.039878,0.259436,9.775699
1754813505944,-0.037235,0.259876,9.768783
1754813505944,-0.0362,0.262069,9.7623
1754813505946,-0.0378,0.265383,9.757137
1754813505948,-0.042033,0.26838,9.753806
1754813505950,-0.049886,0.269204,9.752119
1754813505952,-0.055067,0.26612,9.752771
1754813505954,-0.057557,0.259982,9.75481
1754813505957,-0.056503,0.252148,9.758163
1754813505959,-0.052213,0.244563,9.76274
1754813505961,-0.0439,0.238127,9.76999
1754813505963,-0.038192,0.237246,9.775258
1754813505965,-0.034773,0.239458,9.779039
1754813505967,-0.034208,0.243471,9.780209
1754813505969,-0.036162,0.247848,9.778179
1754813505971,-0.041084,0.252454,9.771235
1754813505973,-0.045078,0.254552,9.764541
1754813505976,-0.048507,0.256065,9.758661
1754813505978,-0.05092,0.257549,9.755117
1754813505980,-0.052203,0.259359,9.754391
1754813505982,-0.05204,0.262136,9.756161
1754813505983,-0.050546,0.263812,9.756937
1754813505984,-0.048171,0.264626,9.754935
1754813505986,-0.045413,0.26454,9.749189
1754813505988,-0.042971,0.263918,9.740476
1754813505991,-0.041353,0.263276,9.72858
1754813505993,-0.041621,0.263333,9.723552
1754813505995,-0.042559,0.263649,9.724577
1754813505997,-0.043038,0.2634,9.732228
1754813506000,-0.041429,0.260441,9.749476
1754813506001,-0.038144,0.255557,9.763401
1754813506003,-0.034007,0.249007,9.774184
1754813506005,-0.030818,0.24215,9.779568
1754813506008,-0.030291,0.236959,9.779126
1754813506010,-0.033327,0.235254,9.774358
1754813506012,-0.041994,0.239257,9.76592
1754813506012,-0.049311,0.245808,9.761419
1754813506014,-0.054348,0.253096,9.760365
1754813506016,-0.055095,0.258516,9.76298
1754813506018,-0.051102,0.26025,9.767988
1754813506020,-0.040788,0.256227,9.774921
1754813506023,-0.032791,0.250137,9.777365
1754813506024,-0.027485,0.244151,9.775756
1754813506027,-0.026604,0.240905,9.769692
1754813506029,-0.030291,0.242083,9.760106
1754813506031,-0.039696,0.250788,9.74575
1754813506033,-0.047252,0.2607,9.737352
1754813506035,-0.052692,0.270573,9.73356
1754813506037,-0.054617,0.277747,9.735457
1754813506039,-0.052797,0.280323,9.742457
1754813506041,-0.0464,0.275956,9.755894
1754813506044,-0.040922,0.268304,9.765584
1754813506046,-0.036832,0.259148,9.772231
1754813506048,-0.035271,0.250721,9.774895
1754813506050,-0.036411,0.244553,9.773994
1754813506052,-0.040615,0.24079,9.769799
1754813506052,-0.043977,0.240933,9.766677
1754813506054,-0.046179,0.242648,9.764953
1754813506056,-0.046553,0.245195,9.764981
1754813506058,-0.045241,0.24803,9.766179
1754813506060,-0.041994,0.252129,9.768438
1754813506063,-0.039227,0.255653,9.770536
1754813506065,-0.036813,0.259407,9.774205
1754813506067,-0.035214,0.26319,9.780477
1754813506069,-0.03439,0.266254,9.790781
1754813506071,-0.034563,0.267949,9.808739
1754813506074,-0.036085,0.26727,9.821916
1754813506076,-0.038767,0.264914,9.830103
1754813506078,-0.042397,0.26159,9.829682
1754813506080,-0.046448,0.258133,9.81913
1754813506082,-0.051016,0.254408,9.791615
1754813506083,-0.052749,0.25255,9.767941
1754813506084,-0.052558,0.251276,9.748242
1754813506086,-0.050336,0.250117,9.736624
1754813506088,-0.046591,0.248949,9.734442
1754813506090,-0.041065,0.248451,9.738367
1754813506093,-0.037742,0.249246,9.74692
1754813506095,-0.036306,0.251726,9.752694
1754813506098,-0.037101,0.255749,9.754485
1754813506099,-0.040184,0.260757,9.751219
1754813506101,-0.04616,0.266791,9.744439
1754813506103,-0.050278,0.269319,9.7417
1754813506106,-0.052605,0.269807,9.742428
1754813506107,-0.052241,0.268677,9.745886
1754813506109,-0.049129,0.266925,9.752063
1754813506112,-0.042397,0.265479,9.764273
1754813506114,-0.037426,0.265517,9.771254
1754813506116,-0.034429,0.266312,9.77542
1754813506118,-0.034285,0.266915,9.777297
1754813506118,-0.037168,0.266417,9.776398
1754813506120,-0.043756,0.263621,9.773965
1754813506122,-0.048957,0.261112,9.76636
1754813506124,-0.052625,0.259263,9.757377
1754813506126,-0.054051,0.259177,9.748538
1754813506129,-0.053515,0.26093,9.74217
1754813506131,-0.05136,0.265105,9.739708
1754813506133,-0.050269,0.267978,9.742821
1754813506135,-0.0507,0.269281,9.750309
1754813506137,-0.052577,0.268447,9.760011
1754813506139,-0.055364,0.265862,9.769128
1754813506141,-0.058859,0.262117,9.772959
1754813506143,-0.059922,0.260623,9.771398
1754813506145,-0.059271,0.261121,9.765404
1754813506148,-0.056925,0.263487,9.757771
1754813506150,-0.053668,0.266762,9.750539
1754813506152,-0.049637,0.270727,9.746164
1754813506154,-0.04775,0.271857,9.749429
1754813506154,-0.047511,0.271024,9.756448
1754813506156,-0.048899,0.268543,9.763842
1754813506158,-0.051341,0.264933,9.76954
1754813506160,-0.055019,0.259723,9.770996
1754813506163,-0.056781,0.256294,9.767673
1754813506165,-0.056848,0.253785,9.762185
1754813506167,-0.054674,0.252205,9.758047
1754813506169,-0.050288,0.251429,9.757636
1754813506171,-0.042186,0.25118,9.764043
1754813506173,-0.036076,0.251267,9.772691
1754813506175,-0.031709,0.251362,9.781234
1754813506177,-0.030349,0.251621,9.786654
1754813506179,-0.032494,0.252224,9.78696
1754813506182,-0.039466,0.253517,9.779337
1754813506184,-0.045633,0.254657,9.770909
1754813506186,-0.050364,0.255337,9.763048
1754813506189,-0.052337,0.25504,9.759283
1754813506190,-0.051542,0.25369,9.759839
1754813506192,-0.048104,0.250615,9.765853
1754813506193,-0.04617,0.24825,9.771292
1754813506194,-0.046199,0.246823,9.774415
1754813506197,-0.048593,0.246976,9.774692
1754813506199,-0.052376,0.248652,9.771331
1754813506201,-0.056934,0.252971,9.764981
1754813506203,-0.058284,0.256974,9.759809
1754813506205,-0.057308,0.261006,9.756257
1754813506207,-0.054435,0.264626,9.754227
1754813506209,-0.050853,0.267241,9.754256
1754813506211,-0.046907,0.268237,9.758211
1754813506213,-0.045509,0.266618,9.763938
1754813506216,-0.04549,0.262922,9.77225
1754813506218,-0.046428,0.257769,9.782373
1754813506220,-0.047578,0.252397,9.792754
1754813506222,-0.0482,0.24735,9.803787
1754813506224,-0.047309,0.246536,9.80666
1754813506226,-0.045107,0.248614,9.803796
1754813506228,-0.041688,0.252732,9.796221
1754813506229,-0.037656,0.257396,9.785591
1754813506230,-0.033988,0.261092,9.773878
1754813506232,-0.031556,0.263257,9.759973
1754813506235,-0.032944,0.263094,9.749237
1754813506237,-0.037589,0.262529,9.739489
1754813506239,-0.044982,0.262644,9.730582
1754813506241,-0.053697,0.2641,9.723561
1754813506243,-0.063896,0.267815,9.717212
1754813506245,-0.068005,0.271148,9.71747
1754813506247,-0.06788,0.273303,9.723274
1754813506249,-0.063954,0.273657,9.734279
1754813506252,-0.057729,0.27223,9.747809
1754813506254,-0.049771,0.269003,9.763391
1754813506256,-0.04638,0.267346,9.770288
1754813506258,-0.046017,0.267317,9.771091
1754813506260,-0.047865,0.269491,9.765451
1754813506260,-0.05002,0.272872,9.75736
1754813506263,-0.050029,0.276894,9.746116
1754813506264,-0.046189,0.277708,9.74352
1754813506267,-0.03916,0.275285,9.746593
1754813506269,-0.030809,0.269894,9.754734
1754813506271,-0.02218,0.260518,9.767595
1754813506273,-0.020791,0.25437,9.775229
1754813506275,-0.025254,0.250903,9.7779
1754813506277,-0.03485,0.250912,9.776157
1754813506279,-0.047357,0.25391,9.770152
1754813506282,-0.05952,0.258277,9.763124
1754813506284,-0.070217,0.262472,9.755318
1754813506286,-0.071884,0.262452,9.751872
1754813506288,-0.068331,0.259369,9.750501
1754813506290,-0.061406,0.254216,9.751228
1754813506292,-0.053496,0.248853,9.751814
1754813506294,-0.04548,0.245099,9.752302
1754813506295,-0.042655,0.246268,9.75075
1754813506297,-0.042435,0.25097,9.748509
1754813506299,-0.043594,0.25799,9.746287
1754813506301,-0.0448,0.265383,9.744354
1754813506303,-0.044819,0.272776,9.743462
1754813506305,-0.043632,0.274462,9.743912
1754813506307,-0.042205,0.272728,9.74532
1754813506309,-0.041362,0.268304,9.748365
1754813506311,-0.042109,0.26274,9.753259
1754813506313,-0.045921,0.257022,9.761352
1754813506315,-0.050307,0.255729,9.767346
1754813506318,-0.054827,0.257233,9.772307
1754813506320,-0.058284,0.260575,9.772949
1754813506322,-0.059501,0.264722,9.768267
1754813506324,-0.057403,0.265211,9.761811
1754813506326,-0.053094,0.262242,9.753786
1754813506328,-0.047597,0.25662,9.746392
1754813506330,-0.040385,0.2478,9.743454
1754813506331,-0.036785,0.24327,9.746785
1754813506333,-0.035721,0.24237,9.754417
1754813506335,-0.037445,0.245664,9.764464
1754813506337,-0.041515,0.252033,9.77587
1754813506339,-0.046907,0.259244,9.786098
1754813506341,-0.053496,0.265919,9.793693
1754813506343,-0.05636,0.26658,9.79351
1754813506345,-0.056723,0.263247,9.787601
1754813506347,-0.054837,0.2573,9.77721
1754813506349,-0.051868,0.250797,9.764579
1754813506352,-0.04866,0.245147,9.748633
1754813506354,-0.048085,0.24485,9.74035
1754813506356,-0.049263,0.248011,9.736931
1754813506358,-0.051226,0.253374,9.738003
1754813506360,-0.052759,0.259033,9.742352
1754813506362,-0.052443,0.263793,9.749593
1754813506363,-0.050202,0.263764,9.753575
1754813506364,-0.047041,0.260642,9.755482
1754813506367,-0.044149,0.255413,9.755366
1754813506369,-0.042368,0.249629,9.754658
1754813506371,-0.042157,0.243653,9.756975
1754813506373,-0.043211,0.241594,9.763295
1754813506375,-0.04459,0.241575,9.773965
1754813506377,-0.045921,0.24283,9.787286
1754813506379,-0.04729,0.24417,9.800608
1754813506381,-0.049704,0.244371,9.811572
1754813506384,-0.052107,0.242849,9.810787
1754813506386,-0.054549,0.240301,9.801336
1754813506388,-0.055976,0.23784,9.785466
1754813506390,-0.055287,0.236633,9.76704
1754813506392,-0.050326,0.238549,9.747064
1754813506394,-0.044302,0.242485,9.739986
1754813506396,-0.038183,0.247647,9.740341
1754813506398,-0.034093,0.252253,9.746287
1754813506399,-0.033538,0.254638,9.754161
1754813506400,-0.038882,0.252732,9.760164
1754813506403,-0.045959,0.24758,9.75843
1754813506405,-0.053142,0.24078,9.751047
1754813506407,-0.058035,0.234421,9.740656
1754813506409,-0.059137,0.230562,9.730524
1754813506411,-0.056216,0.230533,9.724127
1754813506413,-0.048219,0.236662,9.72426
1754813506415,-0.041879,0.244438,9.7306
1754813506417,-0.037541,0.252818,9.739527
1754813506420,-0.036411,0.259972,9.747715
1754813506422,-0.038365,0.264473,9.752378
1754813506424,-0.043565,0.265776,9.751794
1754813506426,-0.046878,0.264052,9.747982
1754813506428,-0.047961,0.261418,9.74439
1754813506430,-0.0464,0.259081,9.743885
1754813506432,-0.042933,0.257712,9.74828
1754813506434,-0.038346,0.256936,9.760941
1754813506435,-0.03735,0.255844,9.772891
1754813506437,-0.039581,0.253259,9.783226
1754813506439,-0.044657,0.248901,9.789326
1754813506441,-0.051064,0.243423,9.790177
1754813506443,-0.058045,0.237227,9.784393
1754813506445,-0.059778,0.235676,9.777854
1754813506447,-0.057758,0.238032,9.77202
1754813506449,-0.052615,0.244103,9.768497
1754813506451,-0.045921,0.252512,9.767873
1754813506453,-0.037838,0.263927,9.770125
1754813506455,-0.034304,0.27021,9.772576
1754813506457,-0.033662,0.273255,9.774004
1754813506460,-0.035549,0.273044,9.774012
1754813506462,-0.038815,0.270392,9.772317
1754813506464,-0.043096,0.264598,9.770536
1754813506466,-0.044992,0.259867,9.770556
1754813506468,-0.045346,0.255595,9.773322
1754813506470,-0.04481,0.251927,9.777804
1754813506472,-0.044551,0.249457,9.782325
1754813506474,-0.046735,0.248566,9.783052
1754813506475,-0.050939,0.250127,9.776091
1754813506476,-0.056618,0.254006,9.760031
1754813506479,-0.062297,0.259809,9.736558
1754813506481,-0.066003,0.266963,9.708449
1754813506483,-0.065161,0.275879,9.676893
1754813506485,-0.060276,0.279978,9.665977
1754813506487,-0.052826,0.280428,9.672201
1754813506489,-0.045107,0.27676,9.695464
1754813506491,-0.039073,0.26953,9.73084
1754813506493,-0.035731,0.257338,9.782306
1754813506496,-0.036986,0.248528,9.811179
1754813506498,-0.040519,0.24192,9.824156
1754813506500,-0.044925,0.238386,9.817912
1754813506502,-0.049062,0.23784,9.796719
1754813506504,-0.052481,0.240665,9.759054
1754813506506,-0.052759,0.243998,9.735284
1754813506508,-0.051408,0.247292,9.724071
1754813506509,-0.049024,0.249734,9.725985
1754813506513,-0.046045,0.251477,9.745665
1754813506513,-0.045442,0.251985,9.763784
1754813506515,-0.046888,0.252253,9.777728
1754813506517,-0.050173,0.252914,9.782918
1754813506519,-0.054195,0.254283,9.777699
1754813506521,-0.057346,0.256227,9.766121
1754813506523,-0.057911,0.258765,9.748816
1754813506525,-0.055086,0.25979,9.740638
1754813506528,-0.050202,0.259646,9.739602
1754813506529,-0.044733,0.258239,9.744986
1754813506531,-0.040136,0.256055,9.753212
1754813506534,-0.036785,0.253086,9.762501
1754813506536,-0.036325,0.251765,9.763421
1754813506538,-0.037014,0.251774,9.75958
1754813506540,-0.038326,0.253144,9.752206
1754813506542,-0.039983,0.255682,9.743376
1754813506544,-0.043,0.259962,9.735484
1754813506546,-0.045911,0.26274,9.734574
1754813506548,-0.04889,0.264243,9.738311
1754813506549,-0.051064,0.263841,9.745914
1754813506551,-0.051523,0.261361,9.755097
1754813506553,-0.048813,0.255538,9.768189
1754813506555,-0.045107,0.25029,9.775669
1754813506557,-0.041573,0.245281,9.78061
1754813506559,-0.039552,0.241163,9.782938
1754813506561,-0.039878,0.238338,9.782344
1754813506563,-0.043124,0.237016,9.777087
1754813506565,-0.045882,0.238079,9.772307
1754813506567,-0.047099,0.241163,9.767203
1754813506570,-0.045902,0.246315,9.762779
1754813506572,-0.04255,0.252962,9.7603
1754813506574,-0.037072,0.262146,9.760796
1754813506576,-0.034563,0.266934,9.763288
1754813506578,-0.035032,0.268151,9.767032
1754813506580,-0.0387,0.265134,9.77066
1754813506582,-0.044647,0.258555,9.774215
1754813506584,-0.05273,0.247819,9.778084
1754813506585,-0.056283,0.241632,9.779719
1754813506587,-0.056312,0.239593,9.781033
1754813506589,-0.052912,0.242322,9.780773
1754813506591,-0.047692,0.248872,9.778896
1754813506593,-0.042148,0.259378,9.772949
1754813506595,-0.041918,0.265143,9.765778
1754813506597,-0.046476,0.26703,9.757522
1754813506599,-0.055153,0.264847,9.750099
1754813506601,-0.065582,0.259905,9.74575
1754813506603,-0.076643,0.252627,9.74689
1754813506605,-0.078827,0.249227,9.752455
1754813506608,-0.074096,0.248729,9.760136
1754813506610,-0.063006,0.250807,9.76683
1754813506612,-0.048123,0.254303,9.769933
1754813506614,-0.02875,0.258583,9.766073
1754813506615,-0.019077,0.260039,9.758614
1754813506617,-0.015792,0.259847,9.750769
1754813506619,-0.018847,0.258535,9.745655
1754813506621,-0.026269,0.257032,9.746135
1754813506623,-0.03756,0.256266,9.756065
1754813506625,-0.043498,0.256745,9.767021
1754813506627,-0.045605,0.257731,9.776733
1754813506629,-0.044063,0.2582,9.781022
1754813506631,-0.040433,0.257377,9.77769
1754813506633,-0.035559,0.254121,9.762913
1754813506635,-0.033662,0.250874,9.749064
1754813506638,-0.033442,0.248432,9.738377
1754813506640,-0.03418,0.248145,9.734344
1754813506642,-0.034735,0.250548,9.738253
1754813506644,-0.033768,0.257109,9.752675
1754813506646,-0.032044,0.262606,9.764924
1754813506648,-0.030607,0.266551,9.773734
1754813506650,-0.030579,0.267758,9.776406
1754813506652,-0.032743,0.266005,9.773141
1754813506653,-0.036995,0.262318,9.766102
1754813506655,-0.043756,0.257338,9.756448
1754813506657,-0.047692,0.255423,9.752943
1754813506659,-0.049349,0.255586,9.753614
1754813506661,-0.048545,0.25708,9.757895
1754813506663,-0.046122,0.258564,9.763719
1754813506665,-0.042799,0.258277,9.769961
1754813506667,-0.041966,0.255854,9.77181
1754813506670,-0.043048,0.252148,9.770948
1754813506672,-0.045576,0.24847,9.768257
1754813506674,-0.048392,0.246344,9.764818
1754813506676,-0.050182,0.247599,9.76053
1754813506678,-0.049139,0.251918,9.75802
1754813506680,-0.046064,0.258344,9.756352
1754813506682,-0.041908,0.265546,9.755741
1754813506684,-0.037924,0.271818,9.75622
1754813506687,-0.034668,0.275937,9.758622
1754813506687,-0.034438,0.274672,9.761229
1754813506689,-0.036028,0.269683,9.763574
1754813506691,-0.038872,0.262098,9.764723
1754813506693,-0.043555,0.251362,9.763373
1754813506695,-0.046907,0.245329,9.760423
1754813506697,-0.049713,0.242379,9.757225
1754813506699,-0.051581,0.242485,9.755032
1754813506702,-0.052385,0.244563,9.755327
1754813506704,-0.052232,0.247034,9.758603
1754813506706,-0.050958,0.248509,9.766197
1754813506708,-0.049972,0.247417,9.772594
1754813506710,-0.049579,0.244898,9.777431
1754813506712,-0.050068,0.241977,9.779432
1754813506714,-0.051494,0.239947,9.778169
1754813506716,-0.054061,0.239947,9.772661
1754813506719,-0.055641,0.242035,9.767557
1754813506720,-0.056388,0.245205,9.763391
1754813506722,-0.056283,0.248432,9.761189
1754813506723,-0.055632,0.250912,9.761065
1754813506727,-0.054971,0.252129,9.762272
1754813506729,-0.055201,0.251573,9.762587
1754813506729,-0.055881,0.250376,9.76116
1754813506731,-0.05658,0.249083,9.759695
1754813506733,-0.056656,0.248662,9.759254
1754813506735,-0.055067,0.250184,9.765862
1754813506737,-0.052998,0.252741,9.778333
1754813506739,-0.051025,0.256208,9.797313
1754813506742,-0.050087,0.259752,9.820201
1754813506744,-0.051542,0.264329,9.8492
1754813506746,-0.054262,0.267174,9.864561
1754813506748,-0.057288,0.27043,9.871169
1754813506750,-0.059424,0.274854,9.869531
1754813506752,-0.059673,0.280553,9.863068
1754813506754,-0.057652,0.287611,9.855482
1754813506756,-0.052194,0.296316,9.852781
1754813506759,-0.047175,0.29916,9.858814
1754813506759,-0.042464,0.296565,9.869627
1754813506761,-0.038911,0.287505,9.879893
1754813506763,-0.03712,0.273609,9.882193
1754813506765,-0.037417,0.25369,9.864417
1754813506767,-0.039073,0.243289,9.834414
1754813506769,-0.041161,0.240272,9.795924
1754813506771,-0.042942,0.244879,9.757933
1754813506773,-0.043833,0.254111,9.730659
1754813506776,-0.044168,0.264981,9.720574
1754813506778,-0.044934,0.266063,9.733292
1754813506780,-0.047262,0.25889,9.756199
1754813506782,-0.051753,0.245224,9.779873
1754813506784,-0.057892,0.229518,9.796499
1754813506786,-0.066042,0.214262,9.80055
1754813506788,-0.069346,0.211916,9.791585
1754813506790,-0.068618,0.218083,9.777958
1754813506793,-0.063628,0.230581,9.765241
1754813506793,-0.055555,0.245138,9.75825
1754813506795,-0.044187,0.260269,9.759665
1754813506797,-0.038489,0.264368,9.766197
1754813506799,-0.036957,0.261437,9.773246
1754813506801,-0.03983,0.252847,9.777336
1754813506803,-0.045902,0.241738,9.776061
1754813506805,-0.055622,0.229546,9.76684
1754813506807,-0.061617,0.226195,9.757243
1754813506809,-0.06494,0.229365,9.749008
1754813506812,-0.065036,0.238003,9.745264
1754813506814,-0.062402,0.249169,9.747437
1754813506816,-0.056158,0.261974,9.758584
1754813506818,-0.050977,0.266034,9.769886
1754813506820,-0.046687,0.264425,9.779548
1754813506822,-0.043929,0.258421,9.78492
1754813506824,-0.042895,0.250606,9.784423
1754813506826,-0.043718,0.243126,9.775248
1754813506828,-0.045164,0.242217,9.765354
1754813506831,-0.046591,0.245463,9.756448
1754813506831,-0.047558,0.251123,9.750223
1754813506833,-0.047913,0.256687,9.747715
1754813506835,-0.04774,0.260336,9.749535
1754813506837,-0.047405,0.258909,9.753135
1754813506839,-0.047214,0.25459,9.757291
1754813506841,-0.047156,0.248576,9.761094
1754813506843,-0.047242,0.242724,9.763019
1754813506845,-0.047463,0.237754,9.76164
1754813506848,-0.047491,0.236672,9.758335
1754813506850,-0.047664,0.23785,9.753911
1754813506852,-0.047941,0.240483,9.750012
1754813506854,-0.048526,0.243883,9.747159
1754813506856,-0.049962,0.248547,9.746881
1754813506858,-0.051121,0.251487,9.750405
1754813506860,-0.051878,0.253402,9.757013
1754813506862,-0.051916,0.253737,9.765384
1754813506865,-0.050968,0.252512,9.773467
1754813506867,-0.048459,0.248767,9.780898
1754813506868,-0.046266,0.245444,9.781529
1754813506869,-0.044599,0.242992,9.777193
1754813506871,-0.043852,0.242504,9.767873
1754813506873,-0.04413,0.244735,9.756438
1754813506876,-0.045519,0.251094,9.742419
1754813506878,-0.046515,0.256678,9.737083
1754813506880,-0.046955,0.260949,9.737313
1754813506882,-0.046658,0.26227,9.742734
1754813506884,-0.04549,0.258765,9.756295
1754813506886,-0.044762,0.253038,9.766695
1754813506888,-0.04481,0.246507,9.773849
1754813506891,-0.046093,0.241508,9.775047
1754813506891,-0.048621,0.239803,9.769837
1754813506893,-0.051945,0.241862,9.761065
1754813506895,-0.056063,0.24915,9.746804
1754813506897,-0.057557,0.25526,9.738157
1754813506899,-0.056723,0.259302,9.733408
1754813506901,-0.053314,0.259742,9.732325
1754813506904,-0.047798,0.256304,9.733732
1754813506905,-0.039169,0.248442,9.736509
1754813506908,-0.033844,0.243002,9.737343
1754813506910,-0.031086,0.240387,9.739086
1754813506912,-0.031718,0.241144,9.742697
1754813506914,-0.035626,0.244544,9.7487
1754813506916,-0.041946,0.248892,9.758077
1754813506918,-0.051351,0.252694,9.773189
1754813506920,-0.057241,0.252981,9.783014
1754813506922,-0.060985,0.25118,9.787823
1754813506925,-0.062297,0.248825,9.785169
1754813506927,-0.060698,0.247685,9.771848
1754813506929,-0.057796,0.249246,9.757416
1754813506929,-0.054013,0.25256,9.743271
1754813506931,-0.049991,0.256496,9.732813
1754813506933,-0.046342,0.259445,9.728426
1754813506935,-0.043689,0.260288,9.731521
1754813506937,-0.043191,0.257674,9.743328
1754813506940,-0.045452,0.254006,9.753021
1754813506942,-0.049828,0.250472,9.760164
1754813506944,-0.055277,0.248403,9.762012
1754813506946,-0.059999,0.248499,9.757377
1754813506948,-0.062757,0.25165,9.744966
1754813506950,-0.061033,0.254925,9.734097
1754813506952,-0.056302,0.257501,9.726847
1754813506954,-0.050135,0.258373,9.72521
1754813506956,-0.044235,0.257243,9.728849
1754813506959,-0.039274,0.253326,9.741117
1754813506961,-0.038585,0.249888,9.751803
1754813506961,-0.039753,0.247331,9.760058
1754813506963,-0.041515,0.246584,9.763813
1754813506965,-0.042636,0.248145,9.76229
1754813506967,-0.041688,0.253134,9.755107
1754813506969,-0.039495,0.258124,9.749199
1754813506971,-0.036938,0.262759,9.745157
1754813506973,-0.035176,0.266005,9.74601
1754813506975,-0.034907,0.26727,9.751469
1754813506978,-0.037101,0.265603,9.763058
1754813506980,-0.039926,0.262519,9.771848
1754813506982,-0.042933,0.258986,9.776454
1754813506984,-0.04526,0.256065,9.77562
1754813506986,-0.046562,0.254446,9.76841
1754813506988,-0.046898,0.25482,9.750578
1754813506990,-0.046457,0.256735,9.736846
1754813506992,-0.045806,0.259148,9.727077
1754813506994,-0.04526,0.260997,9.72405
1754813506996,-0.044963,0.261543,9.728982
1754813506999,-0.044666,0.259445,9.744171
1754813507001,-0.044207,0.256294,9.757167
1754813507001,-0.043191,0.252885,9.767308
1754813507003,-0.041324,0.250223,9.771476
1754813507005,-0.03869,0.249351,9.770796
1754813507007,-0.034927,0.250864,9.766477
1754813507009,-0.032935,0.253077,9.765192
1754813507011,-0.032944,0.255097,9.768343
1754813507013,-0.0353,0.256074,9.774989
1754813507016,-0.03983,0.255998,9.783857
1754813507018,-0.047415,0.255768,9.792035
1754813507020,-0.052136,0.257032,9.791863
1754813507022,-0.054396,0.260824,9.785438
1754813507024,-0.053659,0.267088,9.774587
1754813507026,-0.05023,0.274644,9.762415
1754813507028,-0.043613,0.283483,9.750587
1754813507030,-0.038958,0.286481,9.746729
1754813507033,-0.035654,0.285082,9.748117
1754813507035,-0.033873,0.279499,9.752809
1754813507037,-0.033097,0.271091,9.757597
1754813507039,-0.032542,0.259407,9.76206
1754813507039,-0.032054,0.252923,9.762051
1754813507041,-0.031546,0.249543,9.760385
1754813507043,-0.031527,0.24915,9.75798
1754813507045,-0.032408,0.25052,9.755606
1754813507047,-0.03507,0.252694,9.755912
1754813507049,-0.037675,0.253115,9.759072
1754813507051,-0.039964,0.252004,9.764138
1754813507054,-0.041477,0.249792,9.76999
1754813507056,-0.041927,0.247235,9.774222
1754813507058,-0.04095,0.244611,9.774645
1754813507060,-0.039533,0.243893,9.76953
1754813507062,-0.037809,0.244352,9.759646
1754813507064,-0.035932,0.245817,9.748203
1754813507066,-0.033222,0.248786,9.736377
1754813507068,-0.030895,0.251334,9.734039
1754813507071,-0.028299,0.253699,9.739018
1754813507073,-0.025541,0.255356,9.749823
1754813507075,-0.023023,0.255921,9.763487
1754813507076,-0.021241,0.255289,9.775966
1754813507079,-0.021069,0.252885,9.785638
1754813507079,-0.023252,0.250836,9.786521
1754813507081,-0.027648,0.249476,9.783455
1754813507083,-0.033959,0.249265,9.778667
1754813507085,-0.043843,0.251066,9.773648
1754813507087,-0.050795,0.253105,9.772011
1754813507090,-0.055862,0.254791,9.771962
1754813507092,-0.058304,0.255184,9.772269
1754813507094,-0.058083,0.253699,9.771302
1754813507096,-0.054952,0.249169,9.768113
1754813507098,-0.052299,0.244889,9.764877
1754813507100,-0.050968,0.241307,9.762234
1754813507102,-0.051887,0.239717,9.761534
1754813507104,-0.055201,0.241087,9.763075
1754813507107,-0.061924,0.247809,9.76866
1754813507109,-0.066827,0.25526,9.774137
1754813507111,-0.069834,0.262826,9.779118
1754813507111,-0.069623,0.268467,9.782746
1754813507113,-0.065515,0.270353,9.784595
1754813507115,-0.054664,0.266149,9.784164
1754813507117,-0.044111,0.258995,9.782325
1754813507119,-0.033595,0.250548,9.778916
1754813507122,-0.025311,0.243184,9.774021
1754813507124,-0.020695,0.237993,9.764464
1754813507126,-0.021711,0.237706,9.758555
1754813507128,-0.029669,0.24056,9.74511
1754813507130,-0.039006,0.243701,9.735476
1754813507132,-0.048554,0.245817,9.728312
1754813507134,-0.055718,0.246019,9.725677
1754813507136,-0.058495,0.244467,9.72767
1754813507139,-0.05385,0.241575,9.737026
1754813507141,-0.044839,0.240531,9.746604
1754813507143,-0.033155,0.241393,9.755721
1754813507143,-0.021519,0.244046,9.761974
1754813507145,-0.012661,0.24779,9.763631
1754813507147,-0.008667,0.252655,9.759417
1754813507149,-0.012517,0.255279,9.753144
1754813507152,-0.021414,0.257051,9.747169
1754813507154,-0.033461,0.258306,9.7442
1754813507156,-0.046007,0.259541,9.745589
1754813507158,-0.059367,0.261322,9.754485
1754813507160,-0.064663,0.262443,9.763975
1754813507162,-0.065486,0.262835,9.772911
1754813507164,-0.062642,0.262127,9.778733
1754813507166,-0.057796,0.260278,9.779988
1754813507168,-0.05159,0.25684,9.77543
1754813507171,-0.049234,0.254331,9.769216
1754813507173,-0.049665,0.25256,9.763268
1754813507175,-0.052682,0.251937,9.759274
1754813507177,-0.05726,0.252454,9.757972
1754813507179,-0.06313,0.254484,9.759867
1754813507179,-0.065563,0.256572,9.762404
1754813507182,-0.065352,0.258622,9.764464
1754813507183,-0.062537,0.26024,9.765192
1754813507185,-0.05771,0.261217,9.764378
1754813507187,-0.050259,0.261217,9.762185
1754813507190,-0.045643,0.260288,9.760748
1754813507192,-0.042923,0.258823,9.760174
1754813507194,-0.042626,0.257109,9.760481
1754813507196,-0.044647,0.255538,9.760644
1754813507198,-0.049474,0.254092,9.758833
1754813507200,-0.053477,0.253498,9.754332
1754813507202,-0.05657,0.253201,9.747561
1754813507204,-0.058074,0.252809,9.739966
1754813507207,-0.057873,0.252071,9.733388
1754813507209,-0.055354,0.250472,9.730342
1754813507211,-0.052423,0.249074,9.733214
1754813507213,-0.048995,0.247953,9.740052
1754813507213,-0.045279,0.247513,9.748758
1754813507215,-0.041429,0.247944,9.756861
1754813507217,-0.036219,0.249821,9.763421
1754813507220,-0.033222,0.251841,9.764638
1754813507222,-0.031862,0.254101,9.763517
1754813507224,-0.032944,0.256438,9.761918
1754813507226,-0.036555,0.258756,9.761447
1754813507228,-0.043689,0.261868,9.76388
1754813507230,-0.048861,0.263966,9.76798
1754813507232,-0.052174,0.265699,9.772872
1754813507235,-0.052979,0.266724,9.777365
1754813507237,-0.051648,0.266858,9.78062
1754813507239,-0.048507,0.265699,9.781981
1754813507241,-0.046821,0.263994,9.780707
1754813507243,-0.046419,0.261734,9.77812
1754813507243,-0.047156,0.258938,9.774433
1754813507245,-0.048277,0.255595,9.77022
1754813507249,-0.049091,0.250232,9.764694
1754813507250,-0.048775,0.245827,9.761485
1754813507251,-0.048009,0.241786,9.759456
1754813507254,-0.047262,0.238999,9.75889
1754813507256,-0.04685,0.238242,9.760356
1754813507258,-0.046591,0.240991,9.764474
1754813507260,-0.046179,0.245176,9.76887
1754813507262,-0.045337,0.249773,9.773284
1754813507264,-0.043967,0.253268,9.776828
1754813507266,-0.042492,0.25458,9.779013
1754813507268,-0.041238,0.252492,9.77905
1754813507271,-0.041257,0.249074,9.776741
1754813507273,-0.042042,0.24554,9.772212
1754813507275,-0.043345,0.243299,9.766303
1754813507277,-0.044628,0.243021,9.760002
1754813507279,-0.045614,0.24531,9.750397
1754813507279,-0.045566,0.248145,9.745051
1754813507281,-0.044906,0.250807,9.742697
1754813507283,-0.043699,0.252646,9.74509
1754813507285,-0.04231,0.253632,9.752244
1754813507287,-0.040864,0.253843,9.766543
1754813507290,-0.040625,0.253718,9.777939
1754813507292,-0.04141,0.253402,9.786327
1754813507294,-0.043287,0.252732,9.79013
1754813507296,-0.045691,0.251439,9.78857
1754813507298,-0.048353,0.248662,9.781339
1754813507300,-0.048842,0.246315,9.775123
1754813507302,-0.047597,0.244687,9.770803
1754813507304,-0.044858,0.244716,9.769463
1754813507306,-0.041506,0.246919,9.770182
1754813507309,-0.038192,0.253,9.771666
1754813507311,-0.037848,0.25866,9.770478
1754813507313,-0.039772,0.263726,9.766677
1754813507315,-0.04504,0.267614,9.759351
1754813507316,-0.048076,0.267863,9.755768
1754813507319,-0.053113,0.265345,9.752206
1754813507320,-0.055009,0.261801,9.753336
1754813507321,-0.054798,0.258028,9.757962
1754813507323,-0.052778,0.254963,9.764454
1754813507326,-0.049541,0.253019,9.770498
1754813507328,-0.044446,0.252215,9.776425
1754813507330,-0.040749,0.252253,9.777354
1754813507332,-0.037589,0.252263,9.776244
1754813507334,-0.035156,0.252014,9.772997
1754813507336,-0.033624,0.251631,9.768735
1754813507339,-0.033232,0.251803,9.763276
1754813507340,-0.03418,0.252962,9.759082
1754813507342,-0.036095,0.255184,9.756085
1754813507345,-0.038642,0.257875,9.753786
1754813507347,-0.041487,0.260068,9.752552
1754813507349,-0.045116,0.2607,9.753212
1754813507351,-0.047415,0.258727,9.755088
1754813507353,-0.049014,0.255212,9.758478
1754813507355,-0.049838,0.251228,9.762894
1754813507356,-0.049723,0.248346,9.767931
1754813507359,-0.048028,0.247848,9.774271
1754813507360,-0.046112,0.250079,9.77744
1754813507361,-0.04412,0.25346,9.778026
1754813507364,-0.042722,0.256275,9.775372
1754813507366,-0.042406,0.257022,9.769692
1754813507368,-0.043785,0.253383,9.759196
1754813507370,-0.045691,0.247656,9.751882
1754813507372,-0.047712,0.241125,9.747408
1754813507374,-0.049167,0.235829,9.747235
1754813507376,-0.049608,0.233693,9.751458
1754813507378,-0.04866,0.237323,9.761035
1754813507381,-0.046917,0.244247,9.767643
1754813507383,-0.044666,0.252885,9.770469
1754813507385,-0.042291,0.260968,9.768209
1754813507387,-0.040108,0.266312,9.761265
1754813507389,-0.038374,0.267308,9.749143
1754813507390,-0.038575,0.263688,9.742227
1754813507391,-0.04028,0.257731,9.740188
1754813507393,-0.043335,0.251391,9.743846
1754813507396,-0.046907,0.246277,9.751872
1754813507398,-0.05025,0.242954,9.764541
1754813507400,-0.05001,0.242992,9.771992
1754813507402,-0.046735,0.244161,9.775831
1754813507404,-0.040855,0.245367,9.776061
1754813507406,-0.034055,0.245731,9.773859
1754813507408,-0.027639,0.244553,9.769626
1754813507410,-0.027457,0.243126,9.766456
1754813507412,-0.032101,0.242427,9.763391
1754813507415,-0.040663,0.243404,9.759993
1754813507417,-0.05069,0.24645,9.756017
1754813507419,-0.060794,0.253153,9.750808
1754813507421,-0.062766,0.258823,9.748337
1754813507423,-0.058974,0.263774,9.749333
1754813507425,-0.050652,0.266963,9.754495
1754813507425,-0.040634,0.268093,9.763143
1754813507430,-0.030081,0.266676,9.777699
1754813507430,-0.027275,0.264042,9.786902
1754813507431,-0.029803,0.260527,9.791442
1754813507434,-0.036545,0.2564,9.789976
1754813507436,-0.045183,0.251717,9.783158
1754813507438,-0.055249,0.245051,9.770402
1754813507440,-0.059012,0.240598,9.762818
1754813507442,-0.058533,0.237629,9.760203
1754813507444,-0.054272,0.236997,9.763305
1754813507446,-0.047874,0.239075,9.770612
1754813507448,-0.039715,0.245272,9.781033
1754813507450,-0.036421,0.251075,9.784777
1754813507453,-0.036785,0.2564,9.782602
1754813507455,-0.040558,0.260326,9.774616
1754813507457,-0.046352,0.262625,9.762961
1754813507459,-0.053563,0.264013,9.746718
1754813507461,-0.056053,0.264569,9.737649
1754813507463,-0.055047,0.265076,9.732832
1754813507465,-0.050585,0.265268,9.732018
1754813507466,-0.044101,0.264406,9.734298
1754813507469,-0.035999,0.26093,9.739747
1754813507470,-0.032504,0.256563,9.743989
1754813507472,-0.032408,0.251401,9.747724
1754813507474,-0.035549,0.246555,9.750539
1754813507476,-0.040836,0.243069,9.753057
1754813507478,-0.048296,0.241613,9.75712
1754813507480,-0.05206,0.243031,9.760682
1754813507482,-0.05318,0.246239,9.764398
1754813507484,-0.051753,0.250644,9.768582
1754813507486,-0.048602,0.255595,9.771111
1754813507488,-0.044398,0.261744,9.771686
1754813507491,-0.042588,0.264847,9.768649
1754813507493,-0.042454,0.265737,9.763439
1754813507495,-0.043527,0.263822,9.757042
1754813507497,-0.04481,0.25731,9.746508
1754813507499,-0.044398,0.251219,9.739776
1754813507501,-0.042272,0.246268,9.734574
1754813507502,-0.038882,0.244438,9.733263
1754813507505,-0.035367,0.246708,9.736547
1754813507506,-0.032858,0.252646,9.74396
1754813507507,-0.033078,0.26297,9.758727
1754813507510,-0.036488,0.269242,9.769779
1754813507512,-0.042052,0.27179,9.779595
1754813507514,-0.048698,0.269836,9.785121
1754813507516,-0.054818,0.26408,9.785314
1754813507518,-0.059137,0.254054,9.779356
1754813507520,-0.058256,0.247685,9.771282
1754813507522,-0.05387,0.243893,9.76208
1754813507524,-0.047262,0.243174,9.753892
1754813507527,-0.040567,0.244592,9.74802
1754813507529,-0.035042,0.247455,9.745637
1754813507531,-0.035281,0.24915,9.74803
1754813507533,-0.039188,0.250232,9.752742
1754813507535,-0.045193,0.251429,9.759034
1754813507537,-0.05114,0.253757,9.764129
1754813507539,-0.055239,0.259426,9.76841
1754813507540,-0.05409,0.264875,9.76911
1754813507541,-0.049924,0.269549,9.768171
1754813507543,-0.044494,0.271598,9.767577
1754813507546,-0.040242,0.269961,9.768468
1754813507548,-0.03983,0.262366,9.770871
1754813507550,-0.04414,0.25482,9.770765
1754813507552,-0.051514,0.248662,9.766677
1754813507554,-0.059711,0.24577,9.757281
1754813507556,-0.066109,0.247264,9.741288
1754813507558,-0.068752,0.254705,9.717489
1754813507560,-0.0654,0.261705,9.704207
1754813507563,-0.058294,0.267279,9.69986
1754813507565,-0.049321,0.269874,9.707118
1754813507567,-0.04051,0.268993,9.724174
1754813507569,-0.032255,0.264023,9.753106
1754813507571,-0.030167,0.259819,9.771512
1754813507573,-0.031632,0.256898,9.781157
1754813507575,-0.035903,0.256103,9.780074
1754813507577,-0.04165,0.257377,9.769463
1754813507579,-0.048727,0.260662,9.748233
1754813507580,-0.051724,0.262893,9.734134
1754813507581,-0.051763,0.264052,9.725726
1754813507584,-0.048679,0.263889,9.724902
1754813507586,-0.042885,0.26297,9.730429
1754813507588,-0.033212,0.261964,9.742734
1754813507590,-0.026528,0.262721,9.748606
1754813507592,-0.022055,0.265297,9.750204
1754813507594,-0.021117,0.269635,9.745685
1754813507596,-0.024038,0.274806,9.737974
1754813507598,-0.032935,0.280677,9.729795
1754813507601,-0.041209,0.282468,9.728504
1754813507603,-0.048468,0.280648,9.733282
1754813507605,-0.052759,0.275285,9.744027
1754813507607,-0.053103,0.267222,9.756755
1754813507609,-0.049838,0.258152,9.768573
1754813507611,-0.04254,0.248039,9.77928
1754813507613,-0.037819,0.244132,9.780984
1754813507614,-0.03597,0.244074,9.777987
1754813507615,-0.037876,0.247532,9.773102
1754813507617,-0.043239,0.253192,9.766869
1754813507620,-0.053362,0.260872,9.761621
1754813507622,-0.060659,0.264827,9.761621
1754813507624,-0.065927,0.26635,9.765393
1754813507626,-0.068417,0.265613,9.771389
1754813507628,-0.06834,0.26364,9.778553
1754813507630,-0.065544,0.260939,9.783475
1754813507632,-0.062546,0.259962,9.780438
1754813507635,-0.059587,0.26046,9.772222
1754813507637,-0.0568,0.262069,9.76026
1754813507639,-0.05431,0.264215,9.748576
1754813507641,-0.051562,0.266867,9.742017
1754813507643,-0.050317,0.267844,9.746279
1754813507644,-0.050182,0.267557,9.757156
1754813507645,-0.051389,0.265977,9.772097
1754813507647,-0.053697,0.26319,9.785427
1754813507650,-0.057461,0.258459,9.793501
1754813507652,-0.059338,0.255107,9.789986
1754813507654,-0.059338,0.252694,9.778753
1754813507656,-0.056982,0.251784,9.762692
1754813507658,-0.052404,0.252272,9.747446
1754813507660,-0.044321,0.253795,9.735064
1754813507662,-0.038489,0.25435,9.733829
1754813507664,-0.034419,0.253623,9.739421
1754813507667,-0.032983,0.251592,9.74802
1754813507669,-0.034553,0.248997,9.7555
1754813507671,-0.040654,0.246651,9.759187
1754813507673,-0.046773,0.246938,9.754352
1754813507675,-0.052567,0.249054,9.745607
1754813507677,-0.056398,0.252253,9.737362
1754813507679,-0.05703,0.255164,9.733234
1754813507681,-0.052165,0.256611,9.738799
1754813507682,-0.045116,0.25548,9.749602
1754813507683,-0.036861,0.253077,9.76345
1754813507686,-0.029621,0.250596,9.776665
1754813507688,-0.025359,0.249227,9.78674
1754813507690,-0.026231,0.250184,9.791692
1754813507692,-0.031824,0.25277,9.788646
1754813507694,-0.039983,0.255787,9.782162
1754813507696,-0.048516,0.257961,9.773305
1754813507698,-0.05522,0.258315,9.763738
1754813507700,-0.058428,0.255796,9.752138
1754813507703,-0.055929,0.25277,9.744784
1754813507705,-0.050144,0.250165,9.739469
1754813507707,-0.042722,0.249236,9.736825
1754813507709,-0.035654,0.250501,9.736403
1754813507711,-0.02964,0.254427,9.738568
1754813507713,-0.028951,0.257214,9.743222
1754813507715,-0.031479,0.258047,9.749399
1754813507717,-0.036354,0.255988,9.756737
1754813507719,-0.042329,0.251305,9.764915
1754813507720,-0.049589,0.243615,9.774222
1754813507722,-0.053151,0.239104,9.779586
1754813507724,-0.054396,0.237409,9.782688
1754813507726,-0.05318,0.23898,9.783063
1754813507728,-0.04978,0.243184,9.781607
1754813507730,-0.042952,0.250702,9.779385
1754813507732,-0.037024,0.255921,9.779243
1754813507734,-0.031546,0.259713,9.780305
1754813507736,-0.027399,0.261792,9.782076
1754813507739,-0.025292,0.262175,9.782593
1754813507741,-0.025867,0.260393,9.779203
1754813507743,-0.02851,0.257702,9.773639
1754813507745,-0.031987,0.254121,9.766313
1754813507747,-0.035281,0.249993,9.759609
1754813507749,-0.037781,0.245942,9.755787
1754813507751,-0.039658,0.241709,9.756544
1754813507752,-0.040529,0.239851,9.76071
1754813507753,-0.041659,0.239171,9.765949
1754813507756,-0.043364,0.239286,9.769186
1754813507758,-0.045394,0.23964,9.768611
1754813507760,-0.047491,0.240071,9.761238
1754813507762,-0.04752,0.240129,9.752579
1754813507764,-0.045748,0.240244,9.743808
1754813507766,-0.042502,0.240751,9.738636
1754813507769,-0.038662,0.241719,9.738187
1754813507771,-0.03462,0.243845,9.745598
1754813507773,-0.033758,0.245817,9.755301
1754813507775,-0.035396,0.247647,9.766111
1754813507777,-0.039389,0.249016,9.77498
1754813507779,-0.045164,0.249533,9.780908
1754813507781,-0.053716,0.248499,9.783025
1754813507783,-0.05928,0.246392,9.780399
1754813507786,-0.063025,0.243806,9.776071
1754813507786,-0.064222,0.241594,9.769512
1754813507788,-0.062939,0.240991,9.762359
1754813507790,-0.059711,0.243213,9.755107
1754813507792,-0.053831,0.250481,9.746614
1754813507794,-0.049924,0.257961,9.742706
1754813507796,-0.047616,0.264837,9.741412
1754813507798,-0.047549,0.268965,9.743625
1754813507800,-0.049598,0.268869,9.748463
1754813507802,-0.054253,0.26159,9.758307
1754813507804,-0.057681,0.252627,9.765949
1754813507806,-0.059836,0.243222,9.771495
1754813507809,-0.060391,0.236116,9.774146
1754813507811,-0.059606,0.233253,9.773131
1754813507813,-0.057595,0.236777,9.768103
1754813507815,-0.056656,0.243634,9.762923
1754813507817,-0.056417,0.251324,9.757627
1754813507819,-0.056838,0.257271,9.753987
1754813507821,-0.057317,0.259436,9.752312
1754813507824,-0.057049,0.255318,9.752924
1754813507824,-0.05612,0.248614,9.754553
1754813507826,-0.054923,0.241517,9.754561
1754813507828,-0.054109,0.236834,9.752771
1754813507830,-0.054138,0.236308,9.74803
1754813507832,-0.055287,0.241824,9.739305
1754813507834,-0.056321,0.248125,9.733904
1754813507836,-0.05657,0.252933,9.731299
1754813507838,-0.055411,0.253891,9.733302
1754813507840,-0.052663,0.249945,9.739287
1754813507842,-0.047195,0.239142,9.750559
1754813507845,-0.04278,0.230293,9.75844
1754813507847,-0.039236,0.223915,9.763688
1754813507849,-0.037426,0.221971,9.765862
1754813507851,-0.037713,0.224796,9.76546
1754813507853,-0.041104,0.233827,9.763755
1754813507855,-0.044839,0.24214,9.763726
1754813507857,-0.048439,0.249619,9.765364
1754813507859,-0.05115,0.255193,9.768592
1754813507862,-0.052653,0.259254,9.773111
1754813507862,-0.052672,0.260231,9.774596
1754813507864,-0.052538,0.26024,9.77383
1754813507866,-0.052988,0.25978,9.770172
1754813507868,-0.055306,0.259215,9.763555
1754813507870,-0.057087,0.258976,9.760509
1754813507872,-0.061004,0.258382,9.757616
1754813507874,-0.063159,0.257578,9.759475
1754813507877,-0.063801,0.255998,9.763842
1754813507878,-0.06245,0.25345,9.769223
1754813507880,-0.059175,0.249993,9.773467
1754813507883,-0.052787,0.244505,9.774309
1754813507885,-0.04775,0.240636,9.771052
1754813507887,-0.043507,0.237984,9.765298
1754813507889,-0.040855,0.237505,9.759513
1754813507891,-0.040108,0.239746,9.755683
1754813507894,-0.041372,0.2469,9.755491
1754813507896,-0.043048,0.254235,9.75912
1754813507896,-0.044369,0.2616,9.764129
1754813507898,-0.044532,0.267298,9.769099
1754813507900,-0.043431,0.269941,9.772269
1754813507902,-0.040931,0.268208,9.772202
1754813507904,-0.039294,0.26408,9.769722
1754813507907,-0.038844,0.259359,9.76615
1754813507909,-0.039868,0.255806,9.763037
1754813507911,-0.041966,0.254571,9.760901
1754813507913,-0.044484,0.256515,9.759532
1754813507915,-0.044618,0.259484,9.758833
1754813507917,-0.042492,0.262031,9.757416
1754813507919,-0.038365,0.262835,9.755376
1754813507921,-0.033404,0.261227,9.752915
1754813507923,-0.028443,0.255796,9.751391
1754813507925,-0.027706,0.250606,9.753038
1754813507927,-0.029899,0.245932,9.757444
1754813507929,-0.034208,0.24304,9.764312
1754813507930,-0.038853,0.242399,9.77202
1754813507932,-0.042224,0.244668,9.780697
1754813507934,-0.041084,0.247551,9.784461
1754813507936,-0.036756,0.24984,9.785332
1754813507938,-0.030502,0.250347,9.784012
1754813507940,-0.024277,0.248566,9.781635
1754813507942,-0.019259,0.243308,9.78061
1754813507944,-0.019374,0.238309,9.783063
1754813507946,-0.022611,0.233856,9.788377
1754813507948,-0.028012,0.230552,9.795665
1754813507951,-0.033959,0.228512,9.800626
1754813507953,-0.040098,0.2272,9.797792
1754813507955,-0.042234,0.226664,9.785647
1754813507957,-0.042119,0.226348,9.764579
1754813507959,-0.040299,0.227085,9.739641
1754813507961,-0.037733,0.229757,9.717644
1754813507963,-0.034879,0.236748,9.705358
1754813507965,-0.034304,0.2435,9.714828
1754813507968,-0.03552,0.249667,9.738329
1754813507970,-0.038537,0.253077,9.769453
1754813507970,-0.042981,0.252176,9.798413
1754813507972,-0.049608,0.244802,9.819723
1754813507974,-0.053697,0.236834,9.817291
1754813507976,-0.055775,0.229566,9.801277
1754813507978,-0.055201,0.225342,9.779107
1754813507980,-0.051983,0.22539,9.758365
1754813507983,-0.045203,0.231356,9.742122
1754813507985,-0.040175,0.238281,9.740341
1754813507987,-0.036966,0.245051,9.743979
1754813507989,-0.036488,0.250252,9.74916
1754813507991,-0.038614,0.253163,9.752341
1754813507993,-0.043364,0.253632,9.752838
1754813507995,-0.046237,0.252033,9.753048
1754813507998,-0.046936,0.249543,9.754946
1754813508000,-0.045164,0.246622,9.759409
1754813508000,-0.041717,0.243462,9.76479
1754813508002,-0.037148,0.239669,9.767692
1754813508004,-0.036009,0.237984,9.763851
1754813508006,-0.038049,0.238233,9.755117
1754813508008,-0.043306,0.241163,9.744726
1754813508011,-0.050527,0.246785,9.737047
1754813508013,-0.059999,0.256812,9.737831
1754813508015,-0.064404,0.263927,9.747809
1754813508017,-0.065141,0.268572,9.761909
1754813508019,-0.062125,0.269779,9.774568
1754813508021,-0.056398,0.267787,9.781185
1754813508023,-0.047415,0.262251,9.776425
1754813508026,-0.041908,0.258555,9.764866
1754813508028,-0.038604,0.256764,9.750827
1754813508030,-0.037694,0.257223,9.740292
1754813508030,-0.038786,0.259129,9.73649
1754813508032,-0.041803,0.261313,9.741412
1754813508034,-0.044427,0.261016,9.750473
1754813508036,-0.046677,0.258813,9.759168
1754813508038,-0.048171,0.255375,9.766197
1754813508040,-0.048775,0.25209,9.76999
1754813508042,-0.047712,0.249983,9.770307
1754813508045,-0.045701,0.250692,9.770076
1754813508047,-0.043067,0.252885,9.769512
1754813508049,-0.040299,0.255442,9.771072
1754813508051,-0.038211,0.257137,9.774079
1754813508053,-0.03733,0.256955,9.777624
1754813508055,-0.038422,0.255155,9.779165
1754813508058,-0.040701,0.252943,9.776886
1754813508060,-0.043527,0.251133,9.772691
1754813508061,-0.046313,0.250098,9.766514
1754813508062,-0.04888,0.250328,9.757004
1754813508064,-0.049857,0.251439,9.752282
1754813508066,-0.050135,0.253172,9.749515
1754813508068,-0.049972,0.255672,9.750664
1754813508070,-0.049665,0.259053,9.754476
1754813508072,-0.049119,0.262874,9.759417
1754813508075,-0.04775,0.267662,9.767213
1754813508077,-0.046141,0.269606,9.772126
1754813508079,-0.044044,0.268993,9.776847
1754813508081,-0.042052,0.265622,9.780333
1754813508084,-0.040701,0.260374,9.782066
1754813508085,-0.040682,0.253326,9.783523
1754813508087,-0.041994,0.250405,9.782957
1754813508089,-0.043785,0.250625,9.781664
1754813508092,-0.045298,0.253795,9.779864
1754813508094,-0.045739,0.258622,9.777766
1754813508096,-0.044159,0.264329,9.77653
1754813508096,-0.042071,0.266369,9.775975
1754813508098,-0.040079,0.266082,9.77521
1754813508100,-0.039188,0.264205,9.774587
1754813508102,-0.040012,0.261839,9.772864
1754813508104,-0.043507,0.259531,9.770114
1754813508106,-0.047185,0.258746,9.768343
1754813508108,-0.050834,0.258363,9.766963
1754813508110,-0.05363,0.25775,9.766944
1754813508113,-0.055124,0.256429,9.767653
1754813508115,-0.054722,0.253929,9.769339
1754813508117,-0.052768,0.252358,9.770708
1754813508119,-0.049694,0.251899,9.771829
1754813508121,-0.045835,0.252952,9.772796
1754813508123,-0.04142,0.255251,9.772537
1754813508125,-0.035271,0.258526,9.770336
1754813508127,-0.030971,0.259598,9.766953
1754813508130,-0.027227,0.258478,9.762338
1754813508132,-0.024545,0.255164,9.757779
1754813508132,-0.023339,0.250568,9.753806
1754813508134,-0.024191,0.244946,9.751527
1754813508136,-0.02671,0.242858,9.752445
1754813508138,-0.030454,0.24326,9.754935
1754813508140,-0.034735,0.245837,9.758823
1754813508142,-0.038786,0.249409,9.763027
1754813508144,-0.042713,0.253259,9.769061
1754813508147,-0.043938,0.253929,9.773782
1754813508149,-0.043651,0.252081,9.778207
1754813508151,-0.042291,0.248125,9.782258
1754813508153,-0.040251,0.243126,9.785112
1754813508155,-0.037235,0.237629,9.786902
1754813508158,-0.035252,0.236308,9.786864
1754813508160,-0.033528,0.238491,9.786195
1754813508160,-0.032236,0.244247,9.78608
1754813508162,-0.031546,0.252397,9.787037
1754813508164,-0.032121,0.263784,9.790064
1754813508167,-0.03394,0.269989,9.792505
1754813508168,-0.036689,0.272508,9.793608
1754813508170,-0.039763,0.271158,9.792773
1754813508173,-0.042148,0.266685,9.789478
1754813508175,-0.04255,0.258631,9.782393
1754813508177,-0.040472,0.253134,9.776378
1754813508179,-0.037206,0.249236,9.770765
1754813508181,-0.034237,0.247426,9.766254
1754813508183,-0.033069,0.247675,9.762702
1754813508185,-0.035607,0.250271,9.759254
1754813508188,-0.04005,0.25368,9.75709
1754813508190,-0.044781,0.257674,9.75598
1754813508191,-0.048009,0.261648,9.755998
1754813508192,-0.048382,0.265297,9.757111
1754813508195,-0.04457,0.268945,9.759532
1754813508196,-0.040347,0.271474,9.759618
1754813508199,-0.037455,0.274663,9.755807
1754813508201,-0.038183,0.279834,9.747054
1754813508203,-0.043134,0.287285,9.733953
1754813508205,-0.054444,0.299007,9.715747
1754813508207,-0.06314,0.306496,9.708029
1754813508209,-0.068177,0.309245,9.710615
1754813508212,-0.067162,0.30527,9.72473
1754813508215,-0.059596,0.294267,9.746929
1754813508216,-0.042339,0.273159,9.777987
1754813508217,-0.02851,0.258277,9.793013
1754813508219,-0.018196,0.249313,9.795818
1754813508220,-0.01425,0.248853,9.78719
1754813508223,-0.017324,0.257032,9.772586
1754813508225,-0.029985,0.275419,9.756123
1754813508227,-0.042358,0.288645,9.751737
1754813508229,-0.053889,0.296843,9.754581
1754813508231,-0.062307,0.297934,9.760375
1754813508233,-0.067028,0.289488,9.764292
1754813508236,-0.065946,0.279403,9.759944
1754813508238,-0.062048,0.269664,9.749907
1754813508240,-0.056609,0.262567,9.739125
1754813508240,-0.050795,0.258842,9.732477
1754813508242,-0.045586,0.257894,9.733282
1754813508245,-0.040031,0.258334,9.747609
1754813508247,-0.03712,0.257654,9.763574
1754813508249,-0.035147,0.255059,9.779337
1754813508251,-0.034055,0.250347,9.791289
1754813508253,-0.034026,0.244247,9.797341
1754813508256,-0.035951,0.236336,9.796968
1754813508258,-0.038748,0.232611,9.792275
1754813508260,-0.042253,0.232084,9.785734
1754813508262,-0.045758,0.235015,9.779003
1754813508265,-0.048305,0.240675,9.773111
1754813508266,-0.049119,0.249868,9.767433
1754813508270,-0.047817,0.255471,9.765241
1754813508271,-0.045729,0.258842,9.765337
1754813508272,-0.043795,0.259464,9.767653
1754813508274,-0.042923,0.257932,9.770602
1754813508276,-0.043843,0.255117,9.770576
1754813508276,-0.045423,0.253632,9.766083
1754813508278,-0.046725,0.25346,9.758307
1754813508280,-0.046898,0.254034,9.747764
1754813508282,-0.045614,0.254599,9.737275
1754813508285,-0.042713,0.254197,9.729883
1754813508287,-0.040893,0.252607,9.730591
1754813508289,-0.040654,0.250481,9.737343
1754813508291,-0.04276,0.248949,9.748013
1754813508293,-0.04706,0.248796,9.760443
1754813508295,-0.054712,0.25165,9.774654
1754813508297,-0.060238,0.255911,9.781875
1754813508300,-0.06405,0.261121,9.785121
1754813508302,-0.065343,0.26658,9.785332
1754813508304,-0.064069,0.27133,9.782851
1754813508306,-0.059558,0.275343,9.778532
1754813508307,-0.055699,0.275908,9.775065
1754813508309,-0.052739,0.273858,9.771715
1754813508311,-0.051418,0.26952,9.768669
1754813508313,-0.051696,0.263429,9.76683
1754813508315,-0.05341,0.254858,9.764081
1754813508318,-0.054549,0.250242,9.763363
1754813508319,-0.054913,0.248566,9.763889
1754813508322,-0.054272,0.250405,9.765241
1754813508323,-0.052835,0.254935,9.766983
1754813508327,-0.05047,0.262213,9.769971
1754813508327,-0.048756,0.265967,9.771043
1754813508329,-0.047319,0.266618,9.771476
1754813508331,-0.046304,0.263573,9.771197
1754813508333,-0.045863,0.257626,9.770315
1754813508335,-0.046515,0.248221,9.770901
1754813508338,-0.048123,0.24237,9.772355
1754813508340,-0.05046,0.239344,9.774405
1754813508342,-0.052768,0.23965,9.777307
1754813508343,-0.054061,0.242648,9.779568
1754813508344,-0.052778,0.248719,9.781004
1754813508346,-0.049244,0.252741,9.7813
1754813508348,-0.044197,0.25481,9.781223
1754813508351,-0.038978,0.254274,9.781397
1754813508353,-0.035166,0.251497,9.78265
1754813508355,-0.033911,0.246373,9.785696
1754813508358,-0.035961,0.243107,9.787593
1754813508360,-0.039744,0.242092,9.789229
1754813508362,-0.043718,0.243806,9.790255
1754813508363,-0.046773,0.247771,9.790639
1754813508364,-0.048439,0.253048,9.79102
1754813508367,-0.048708,0.258995,9.790811
1754813508368,-0.048526,0.260719,9.788484
1754813508371,-0.048985,0.259522,9.784403
1754813508373,-0.050613,0.255538,9.77767
1754813508375,-0.053486,0.250568,9.768861
1754813508377,-0.058447,0.245588,9.758077
1754813508379,-0.061991,0.245023,9.751746
1754813508381,-0.064423,0.248068,9.748203
1754813508384,-0.065132,0.254015,9.748357
1754813508386,-0.063983,0.261207,9.750972
1754813508388,-0.059903,0.269913,9.756094
1754813508391,-0.055929,0.273561,9.7603
1754813508391,-0.052471,0.273964,9.763344
1754813508393,-0.050326,0.271263,9.76501
1754813508395,-0.05025,0.266197,9.765306
1754813508397,-0.053305,0.25775,9.762722
1754813508400,-0.056714,0.251755,9.75844
1754813508402,-0.059644,0.247158,9.753442
1754813508404,-0.060525,0.24464,9.748414
1754813508406,-0.058476,0.244448,9.744563
1754813508408,-0.051245,0.247015,9.742236
1754813508409,-0.044063,0.249754,9.742295
1754813508410,-0.037302,0.251851,9.743117
1754813508413,-0.032848,0.252014,9.743625
1754813508415,-0.031843,0.249935,9.742935
1754813508417,-0.035693,0.244659,9.740541
1754813508421,-0.041027,0.240579,9.739152
1754813508422,-0.04661,0.238118,9.739632
1754813508423,-0.050968,0.238309,9.742764
1754813508426,-0.053314,0.241106,9.74848
1754813508428,-0.053544,0.246852,9.758871
1754813508430,-0.052471,0.250625,9.765718
1754813508431,-0.051188,0.252789,9.769971
1754813508434,-0.050355,0.252933,9.770747
1754813508435,-0.050029,0.252052,9.767863
1754813508437,-0.049905,0.251075,9.762261
1754813508439,-0.049522,0.251621,9.759254
1754813508441,-0.048535,0.253259,9.75915
1754813508444,-0.046936,0.255126,9.762903
1754813508445,-0.044925,0.25639,9.769445
1754813508447,-0.042416,0.256045,9.778293
1754813508450,-0.041391,0.254571,9.782882
1754813508452,-0.04164,0.252885,9.784567
1754813508455,-0.04344,0.251631,9.783351
1754813508456,-0.046783,0.250951,9.780179
1754813508459,-0.053247,0.249868,9.77498
1754813508460,-0.058926,0.247675,9.771043
1754813508461,-0.064624,0.243845,9.76683
1754813508463,-0.069451,0.238788,9.762261
1754813508465,-0.072535,0.233856,9.757435
1754813508467,-0.072544,0.230523,9.751545
1754813508469,-0.068953,0.231979,9.749169
1754813508472,-0.062814,0.236949,9.749486
1754813508474,-0.055344,0.244343,9.752791
1754813508476,-0.048526,0.252224,9.758096
1754813508479,-0.043421,0.260345,9.765134
1754813508480,-0.043795,0.263123,9.768209
1754813508481,-0.047405,0.262797,9.767912
1754813508483,-0.052567,0.259982,9.764444
1754813508485,-0.057183,0.255739,9.759064
1754813508487,-0.059434,0.250089,9.751957
1754813508489,-0.057279,0.247177,9.749476
1754813508491,-0.052519,0.246335,9.750559
1754813508494,-0.046677,0.247857,9.755059
1754813508496,-0.041314,0.251516,9.761485
1754813508498,-0.036641,0.258114,9.769673
1754813508501,-0.035185,0.262586,9.773122
1754813508502,-0.034783,0.265163,9.773409
1754813508503,-0.03485,0.265029,9.77134
1754813508505,-0.035166,0.262242,9.768343
1754813508507,-0.036679,0.256113,9.765853
1754813508509,-0.039744,0.251477,9.766714
1754813508511,-0.045088,0.248068,9.769568
1754813508513,-0.052356,0.246488,9.77271
1754813508516,-0.060248,0.246459,9.774098
1754813508518,-0.068618,0.248039,9.770058
1754813508520,-0.071022,0.249849,9.762204
1754813508522,-0.069489,0.252023,9.751708
1754813508523,-0.064615,0.254504,9.741307
1754813508525,-0.058055,0.256879,9.73379
1754813508527,-0.049866,0.25867,9.731809
1754813508529,-0.045854,0.257549,9.737066
1754813508531,-0.043929,0.25369,9.746479
1754813508534,-0.043316,0.24734,9.757425
1754813508537,-0.042923,0.239784,9.767289
1754813508538,-0.04119,0.23127,9.77543
1754813508540,-0.038604,0.228436,9.77722
1754813508541,-0.035654,0.22969,9.776675
1754813508543,-0.033404,0.234593,9.775381
1754813508545,-0.032858,0.241613,9.774692
1754813508548,-0.035377,0.25073,9.775545
1754813508551,-0.039188,0.25527,9.776253
1754813508552,-0.043258,0.257061,9.77608
1754813508554,-0.046246,0.256543,9.77383
1754813508555,-0.047348,0.255049,9.769436
1754813508557,-0.045748,0.253958,9.761918
1754813508559,-0.04323,0.255059,9.756448
1754813508561,-0.041017,0.257731,9.752043
1754813508563,-0.040223,0.26115,9.749448
1754813508566,-0.041247,0.264157,9.748749
1754813508568,-0.045021,0.265709,9.750424
1754813508571,-0.048727,0.264645,9.753834
1754813508572,-0.052184,0.262309,9.75916
1754813508573,-0.054837,0.259685,9.76591
1754813508575,-0.056541,0.257693,9.77318
1754813508577,-0.057375,0.256965,9.781684
1754813508579,-0.056963,0.257396,9.785255
1754813508582,-0.055842,0.257501,9.785686
1754813508584,-0.053937,0.256314,9.783503
1754813508586,-0.051504,0.253029,9.77971
1754813508588,-0.048344,0.245636,9.775057
1754813508590,-0.046725,0.239363,9.773801
1754813508591,-0.046208,0.234258,9.774856
1754813508592,-0.046687,0.231845,9.77745
1754813508595,-0.047539,0.232908,9.780285
1754813508597,-0.047989,0.238932,9.781503
1754813508599,-0.047195,0.245042,9.779156
1754813508601,-0.045566,0.250501,9.774215
1754813508604,-0.0439,0.253795,9.767941
1754813508606,-0.043354,0.254264,9.761935
1754813508608,-0.045892,0.251391,9.757502
1754813508610,-0.050336,0.248116,9.7578
1754813508612,-0.056111,0.24531,9.760854
1754813508615,-0.061617,0.243835,9.765364
1754813508617,-0.065007,0.243825,9.76954
1754813508618,-0.064184,0.245233,9.772212
1754813508619,-0.059386,0.246545,9.771091
1754813508621,-0.052232,0.247474,9.767854
1754813508623,-0.044714,0.247963,9.763784
1754813508625,-0.039035,0.248394,9.760098
1754813508627,-0.036919,0.249466,9.757665
1754813508630,-0.039897,0.25096,9.757597
1754813508632,-0.045701,0.252866,9.758211
1754813508634,-0.052423,0.254762,9.758365
1754813508636,-0.057949,0.25617,9.757024
1754813508639,-0.060813,0.256754,9.752618
1754813508640,-0.058907,0.256199,9.748499
1754813508641,-0.05432,0.255021,9.745195
1754813508643,-0.048593,0.25367,9.744065
1754813508645,-0.043517,0.252627,9.745856
1754813508648,-0.040414,0.252253,9.750252
1754813508650,-0.039935,0.253335,9.758191
1754813508654,-0.041333,0.255433,9.763679
1754813508655,-0.042847,0.258344,9.767778
1754813508656,-0.043278,0.261504,9.769942
1754813508657,-0.0421,0.264071,9.770346
1754813508659,-0.038949,0.265029,9.769492
1754813508661,-0.036928,0.26318,9.768698
1754813508663,-0.036507,0.259282,9.768123
1754813508666,-0.038393,0.254283,9.767758
1754813508668,-0.042435,0.249552,9.767377
1754813508670,-0.04956,0.246172,9.765594
1754813508673,-0.054684,0.2469,9.763075
1754813508673,-0.058466,0.250213,9.759618
1754813508675,-0.060305,0.254973,9.755731
1754813508678,-0.05998,0.259417,9.752493
1754813508680,-0.056561,0.26229,9.751057
1754813508683,-0.052395,0.261332,9.753173
1754813508684,-0.047597,0.258219,9.758039
1754813508687,-0.043086,0.254437,9.764838
1754813508688,-0.039562,0.251535,9.771943
1754813508689,-0.037522,0.250912,9.778858
1754813508691,-0.038116,0.253067,9.780649
1754813508694,-0.040041,0.256486,9.779432
1754813508696,-0.042387,0.25979,9.776149
1754813508699,-0.044159,0.261715,9.772327
1754813508701,-0.044829,0.261179,9.768687
1754813508703,-0.044542,0.258871,9.767663
1754813508706,-0.04481,0.256093,9.767538
1754813508707,-0.046926,0.254092,9.767174
1754813508708,-0.051514,0.253814,9.765517
1754813508710,-0.060276,0.256151,9.760769
1754813508712,-0.066511,0.2591,9.756085
1754813508714,-0.069987,0.261811,9.751688
1754813508716,-0.069068,0.263123,9.748672
1754813508717,-0.063561,0.262519,9.747724
1754813508719,-0.051552,0.259129,9.749352
1754813508721,-0.042224,0.255796,9.751688
1754813508723,-0.035089,0.253038,9.753911
1754813508725,-0.031268,0.25164,9.755203
1754813508727,-0.030598,0.251927,9.755347
1754813508730,-0.032552,0.254283,9.754514
1754813508732,-0.034419,0.256543,9.754227
1754813508734,-0.036076,0.258421,9.755318
1754813508736,-0.037723,0.259292,9.758221
1754813508737,-0.040002,0.25888,9.76277
1754813508739,-0.045135,0.256639,9.769817
1754813508741,-0.049953,0.254264,9.774232
1754813508743,-0.054243,0.251985,9.776647
1754813508746,-0.056388,0.250414,9.776647
1754813508748,-0.054942,0.25006,9.774625
1754813508750,-0.047137,0.251554,9.770602
1754813508753,-0.038508,0.253747,9.768313
1754813508755,-0.030052,0.256208,9.767557
1754813508755,-0.024172,0.258306,9.768543
1754813508757,-0.022525,0.259733,9.770881
1754813508759,-0.027332,0.260805,9.774577
1754813508761,-0.034247,0.261351,9.776876
1754813508764,-0.041611,0.262002,9.778418
1754813508766,-0.047405,0.262807,9.778916
1754813508769,-0.050499,0.263458,9.778542
1754813508770,-0.050949,0.263439,9.776828
1754813508772,-0.049905,0.262491,9.774797
1754813508775,-0.049167,0.260987,9.772355
1754813508775,-0.049311,0.259445,9.770363
1754813508777,-0.050163,0.25844,9.76954
1754813508779,-0.051418,0.258507,9.771273
1754813508782,-0.051609,0.259397,9.774549
1754813508784,-0.050862,0.260432,9.778159
1754813508786,-0.049435,0.260872,9.780582
1754813508789,-0.047721,0.260231,9.780074
1754813508790,-0.045471,0.257616,9.77384
1754813508791,-0.043852,0.254791,9.766169
1754813508793,-0.042186,0.251975,9.758039
1754813508795,-0.040587,0.249763,9.751938
1754813508797,-0.039361,0.248336,9.749361
1754813508800,-0.039006,0.247484,9.752234
1754813508802,-0.04027,0.247149,9.757856
1754813508804,-0.042827,0.246641,9.764368
1754813508806,-0.046151,0.245971,9.770086
1754813508808,-0.049512,0.245434,9.773668
1754813508810,-0.052586,0.245846,9.774616
1754813508811,-0.052979,0.247589,9.773228
1754813508814,-0.051418,0.25051,9.770977
1754813508815,-0.048056,0.253939,9.768725
1754813508817,-0.043431,0.256917,9.766869
1754813508819,-0.036603,0.258622,9.764684
1754813508821,-0.032044,0.257683,9.762683
1754813508823,-0.028893,0.255404,9.760174
1754813508825,-0.027572,0.252751,9.75735
1754813508827,-0.028242,0.250874,9.755032
1754813508831,-0.031728,0.25118,9.754647
1754813508832,-0.035425,0.253632,9.757273
1754813508834,-0.039179,0.257377,9.762252
1754813508836,-0.042387,0.261466,9.768507
1754813508837,-0.044714,0.26477,9.774338
1754813508839,-0.046486,0.266475,9.779243
1754813508841,-0.047118,0.265239,9.779882
1754813508843,-0.0473,0.261734,9.77834
1754813508845,-0.046792,0.256457,9.775699
1754813508847,-0.045279,0.250232,9.772872
1754813508849,-0.040768,0.24237,9.769961
1754813508851,-0.035597,0.238357,9.768468
1754813508854,-0.029784,0.237064,9.767118
1754813508856,-0.024708,0.238577,9.765479
1754813508858,-0.021883,0.242341,9.763412
1754813508860,-0.023205,0.248691,9.760432
1754813508861,-0.027457,0.25255,9.758853
1754813508863,-0.03303,0.254341,9.758823
1754813508865,-0.038001,0.253651,9.760835
1754813508867,-0.040855,0.250989,9.765221
1754813508869,-0.041171,0.246114,9.773994
1754813508871,-0.040213,0.243059,9.781559
1754813508873,-0.040251,0.241786,9.788425
1754813508875,-0.042904,0.242791,9.79332
1754813508878,-0.048545,0.245961,9.794958
1754813508880,-0.058639,0.252138,9.791739
1754813508883,-0.065122,0.256946,9.785754
1754813508884,-0.067938,0.260508,9.777679
1754813508886,-0.065572,0.262088,9.769206
1754813508888,-0.05816,0.26159,9.761103
1754813508891,-0.043689,0.258679,9.752349
1754813508891,-0.033164,0.256189,9.74757
1754813508893,-0.025944,0.254628,9.743999
1754813508895,-0.023482,0.254552,9.742025
1754813508898,-0.02558,0.255854,9.741442
1754813508901,-0.032753,0.258468,9.743701
1754813508902,-0.038662,0.259838,9.748156
1754813508903,-0.04323,0.259953,9.754647
1754813508905,-0.046017,0.258727,9.762491
1754813508907,-0.047625,0.25663,9.770288
1754813508909,-0.049723,0.254092,9.778179
1754813508911,-0.052701,0.253134,9.780419
1754813508914,-0.057106,0.253345,9.779213
1754813508916,-0.062383,0.254427,9.774961
1754813508918,-0.067555,0.255864,9.768803
1754813508920,-0.072113,0.257645,9.761142
1754813508922,-0.072611,0.258564,9.75754
1754813508925,-0.070284,0.258966,9.756574
1754813508925,-0.065285,0.258765,9.75798
1754813508927,-0.058409,0.257923,9.759686
1754813508930,-0.048468,0.255643,9.759513
1754813508931,-0.042195,0.253374,9.756237
1754813508933,-0.038164,0.251123,9.749725
1754813508936,-0.036976,0.249677,9.742772
1754813508938,-0.038365,0.24961,9.737381
1754813508940,-0.042195,0.251813,9.736241
1754813508942,-0.044733,0.254446,9.741365
1754813508944,-0.045509,0.256678,9.749593
1754813508947,-0.043948,0.257358,9.758718
1754813508949,-0.040577,0.255806,9.765929
1754813508951,-0.035568,0.250702,9.769463
1754813508952,-0.033509,0.246038,9.767633
1754813508953,-0.034314,0.242485,9.763784
1754813508955,-0.038326,0.241479,9.75985
1754813508959,-0.044867,0.243806,9.757367
1754813508961,-0.054846,0.251477,9.757004
1754813508962,-0.060928,0.258995,9.758077
1754813508964,-0.064088,0.265986,9.758901
1754813508965,-0.063638,0.270669,9.758451
